b(14N2,H2,H) (km/s)     = 0.17 3 5
Tex(14N2,14N15N,H2) (K) = 50 50 50
N(H)         (cm-2)     = 1.000e+14
[14N2]/[14N15N]         = 225
n[N(14N2)]   (cols)     = 46
n[N(H2)]     (rows)     = 46
N(14N2)
1.000e+10
1.585e+10
2.512e+10
3.981e+10
6.310e+10
1.000e+11
1.585e+11
2.512e+11
3.981e+11
6.310e+11
1.000e+12
1.585e+12
2.512e+12
3.981e+12
6.310e+12
1.000e+13
1.585e+13
2.512e+13
3.981e+13
6.310e+13
1.000e+14
1.585e+14
2.512e+14
3.981e+14
6.310e+14
1.000e+15
1.585e+15
2.512e+15
3.981e+15
6.310e+15
1.000e+16
1.585e+16
2.512e+16
3.981e+16
6.310e+16
1.000e+17
1.585e+17
2.512e+17
3.981e+17
6.310e+17
1.000e+18
1.585e+18
2.512e+18
3.981e+18
6.310e+18
1.000e+19
N(H2)
1.000e+14
1.585e+14
2.512e+14
3.981e+14
6.310e+14
1.000e+15
1.585e+15
2.512e+15
3.981e+15
6.310e+15
1.000e+16
1.585e+16
2.512e+16
3.981e+16
6.310e+16
1.000e+17
1.585e+17
2.512e+17
3.981e+17
6.310e+17
1.000e+18
1.585e+18
2.512e+18
3.981e+18
6.310e+18
1.000e+19
1.585e+19
2.512e+19
3.981e+19
6.310e+19
1.000e+20
1.585e+20
2.512e+20
3.981e+20
6.310e+20
1.000e+21
1.585e+21
2.512e+21
3.981e+21
6.310e+21
1.000e+22
1.585e+22
2.512e+22
3.981e+22
6.310e+22
1.000e+23
14N2
9.971e-01 9.970e-01 9.970e-01 9.969e-01 9.967e-01 9.965e-01 9.961e-01 9.955e-01 9.945e-01 9.930e-01 9.907e-01 9.870e-01 9.814e-01 9.727e-01 9.597e-01 9.406e-01 9.133e-01 8.754e-01 8.247e-01 7.605e-01 6.841e-01 5.998e-01 5.123e-01 4.254e-01 3.415e-01 2.634e-01 1.954e-01 1.410e-01 1.006e-01 7.169e-02 5.123e-02 3.680e-02 2.658e-02 1.928e-02 1.401e-02 1.017e-02 7.362e-03 5.308e-03 3.822e-03 2.772e-03 2.034e-03 1.507e-03 1.120e-03 8.302e-04 6.073e-04 4.326e-04
9.961e-01 9.961e-01 9.960e-01 9.959e-01 9.958e-01 9.956e-01 9.952e-01 9.946e-01 9.936e-01 9.921e-01 9.898e-01 9.861e-01 9.805e-01 9.718e-01 9.588e-01 9.397e-01 9.124e-01 8.745e-01 8.239e-01 7.597e-01 6.834e-01 5.991e-01 5.117e-01 4.249e-01 3.411e-01 2.631e-01 1.951e-01 1.408e-01 1.004e-01 7.154e-02 5.110e-02 3.670e-02 2.652e-02 1.924e-02 1.399e-02 1.016e-02 7.354e-03 5.303e-03 3.818e-03 2.769e-03 2.031e-03 1.505e-03 1.119e-03 8.297e-04 6.070e-04 4.324e-04
9.950e-01 9.950e-01 9.949e-01 9.948e-01 9.947e-01 9.944e-01 9.940e-01 9.934e-01 9.925e-01 9.910e-01 9.886e-01 9.850e-01 9.793e-01 9.707e-01 9.577e-01 9.386e-01 9.114e-01 8.735e-01 8.229e-01 7.587e-01 6.825e-01 5.984e-01 5.110e-01 4.244e-01 3.407e-01 2.627e-01 1.948e-01 1.405e-01 1.002e-01 7.134e-02 5.094e-02 3.658e-02 2.644e-02 1.919e-02 1.396e-02 1.014e-02 7.345e-03 5.296e-03 3.814e-03 2.765e-03 2.029e-03 1.504e-03 1.119e-03 8.291e-04 6.067e-04 4.322e-04
9.937e-01 9.937e-01 9.936e-01 9.935e-01 9.934e-01 9.931e-01 9.928e-01 9.922e-01 9.912e-01 9.897e-01 9.874e-01 9.837e-01 9.781e-01 9.694e-01 9.565e-01 9.374e-01 9.101e-01 8.723e-01 8.217e-01 7.576e-01 6.815e-01 5.974e-01 5.102e-01 4.237e-01 3.401e-01 2.622e-01 1.944e-01 1.401e-01 9.987e-02 7.111e-02 5.076e-02 3.644e-02 2.634e-02 1.913e-02 1.393e-02 1.012e-02 7.334e-03 5.289e-03 3.809e-03 2.762e-03 2.027e-03 1.502e-03 1.117e-03 8.285e-04 6.063e-04 4.319e-04
9.924e-01 9.924e-01 9.923e-01 9.922e-01 9.921e-01 9.918e-01 9.915e-01 9.909e-01 9.899e-01 9.884e-01 9.861e-01 9.824e-01 9.768e-01 9.681e-01 9.552e-01 9.361e-01 9.089e-01 8.710e-01 8.205e-01 7.565e-01 6.804e-01 5.964e-01 5.093e-01 4.229e-01 3.394e-01 2.617e-01 1.939e-01 1.398e-01 9.956e-02 7.085e-02 5.056e-02 3.629e-02 2.624e-02 1.907e-02 1.389e-02 1.010e-02 7.322e-03 5.280e-03 3.803e-03 2.758e-03 2.024e-03 1.500e-03 1.116e-03 8.278e-04 6.059e-04 4.317e-04
9.911e-01 9.911e-01 9.910e-01 9.910e-01 9.908e-01 9.906e-01 9.902e-01 9.896e-01 9.886e-01 9.871e-01 9.848e-01 9.811e-01 9.755e-01 9.669e-01 9.539e-01 9.349e-01 9.076e-01 8.698e-01 8.193e-01 7.553e-01 6.793e-01 5.954e-01 5.084e-01 4.220e-01 3.387e-01 2.610e-01 1.934e-01 1.393e-01 9.923e-02 7.059e-02 5.035e-02 3.613e-02 2.612e-02 1.900e-02 1.385e-02 1.008e-02 7.307e-03 5.271e-03 3.796e-03 2.753e-03 2.021e-03 1.498e-03 1.115e-03 8.270e-04 6.053e-04 4.313e-04
9.899e-01 9.899e-01 9.898e-01 9.898e-01 9.896e-01 9.894e-01 9.890e-01 9.884e-01 9.874e-01 9.859e-01 9.836e-01 9.799e-01 9.743e-01 9.657e-01 9.527e-01 9.337e-01 9.064e-01 8.686e-01 8.182e-01 7.542e-01 6.782e-01 5.943e-01 5.074e-01 4.212e-01 3.379e-01 2.604e-01 1.929e-01 1.389e-01 9.890e-02 7.033e-02 5.014e-02 3.598e-02 2.602e-02 1.893e-02 1.381e-02 1.005e-02 7.292e-03 5.261e-03 3.789e-03 2.748e-03 2.017e-03 1.496e-03 1.114e-03 8.261e-04 6.048e-04 4.310e-04
9.889e-01 9.889e-01 9.888e-01 9.887e-01 9.885e-01 9.883e-01 9.879e-01 9.873e-01 9.864e-01 9.849e-01 9.825e-01 9.789e-01 9.732e-01 9.646e-01 9.517e-01 9.326e-01 9.054e-01 8.676e-01 8.172e-01 7.532e-01 6.773e-01 5.934e-01 5.066e-01 4.204e-01 3.372e-01 2.598e-01 1.924e-01 1.385e-01 9.859e-02 7.008e-02 4.995e-02 3.583e-02 2.591e-02 1.886e-02 1.377e-02 1.003e-02 7.277e-03 5.250e-03 3.782e-03 2.743e-03 2.014e-03 1.493e-03 1.112e-03 8.251e-04 6.042e-04 4.306e-04
9.880e-01 9.879e-01 9.879e-01 9.878e-01 9.876e-01 9.874e-01 9.870e-01 9.864e-01 9.855e-01 9.840e-01 9.816e-01 9.780e-01 9.723e-01 9.637e-01 9.507e-01 9.317e-01 9.045e-01 8.667e-01 8.163e-01 7.523e-01 6.764e-01 5.926e-01 5.058e-01 4.197e-01 3.366e-01 2.593e-01 1.920e-01 1.382e-01 9.831e-02 6.986e-02 4.977e-02 3.570e-02 2.582e-02 1.880e-02 1.373e-02 1.001e-02 7.262e-03 5.240e-03 3.775e-03 2.738e-03 2.010e-03 1.491e-03 1.110e-03 8.241e-04 6.036e-04 4.303e-04
9.870e-01 9.870e-01 9.870e-01 9.869e-01 9.867e-01 9.865e-01 9.861e-01 9.855e-01 9.845e-01 9.830e-01 9.807e-01 9.771e-01 9.714e-01 9.628e-01 9.498e-01 9.308e-01 9.036e-01 8.658e-01 8.154e-01 7.515e-01 6.756e-01 5.918e-01 5.051e-01 4.191e-01 3.361e-01 2.589e-01 1.916e-01 1.379e-01 9.805e-02 6.965e-02 4.962e-02 3.558e-02 2.574e-02 1.875e-02 1.370e-02 9.987e-03 7.248e-03 5.231e-03 3.768e-03 2.733e-03 2.007e-03 1.489e-03 1.109e-03 8.231e-04 6.030e-04 4.299e-04
9.860e-01 9.859e-01 9.859e-01 9.858e-01 9.856e-01 9.854e-01 9.850e-01 9.844e-01 9.835e-01 9.820e-01 9.796e-01 9.760e-01 9.703e-01 9.617e-01 9.488e-01 9.298e-01 9.025e-01 8.648e-01 8.144e-01 7.505e-01 6.747e-01 5.910e-01 5.043e-01 4.184e-01 3.355e-01 2.584e-01 1.912e-01 1.376e-01 9.781e-02 6.947e-02 4.947e-02 3.548e-02 2.566e-02 1.870e-02 1.367e-02 9.968e-03 7.236e-03 5.223e-03 3.763e-03 2.729e-03 2.004e-03 1.486e-03 1.107e-03 8.222e-04 6.025e-04 4.296e-04
9.847e-01 9.847e-01 9.846e-01 9.845e-01 9.844e-01 9.841e-01 9.837e-01 9.831e-01 9.822e-01 9.807e-01 9.784e-01 9.747e-01 9.691e-01 9.604e-01 9.475e-01 9.285e-01 9.013e-01 8.636e-01 8.132e-01 7.493e-01 6.736e-01 5.900e-01 5.034e-01 4.176e-01 3.349e-01 2.579e-01 1.908e-01 1.373e-01 9.757e-02 6.928e-02 4.933e-02 3.538e-02 2.559e-02 1.866e-02 1.364e-02 9.950e-03 7.224e-03 5.215e-03 3.757e-03 2.725e-03 2.001e-03 1.484e-03 1.106e-03 8.214e-04 6.019e-04 4.292e-04
9.831e-01 9.831e-01 9.830e-01 9.829e-01 9.828e-01 9.825e-01 9.822e-01 9.816e-01 9.806e-01 9.791e-01 9.768e-01 9.731e-01 9.675e-01 9.589e-01 9.460e-01 9.270e-01 8.998e-01 8.621e-01 8.117e-01 7.479e-01 6.723e-01 5.888e-01 5.024e-01 4.168e-01 3.342e-01 2.573e-01 1.904e-01 1.369e-01 9.733e-02 6.910e-02 4.920e-02 3.528e-02 2.553e-02 1.861e-02 1.361e-02 9.932e-03 7.213e-03 5.207e-03 3.751e-03 2.720e-03 1.997e-03 1.482e-03 1.105e-03 8.206e-04 6.014e-04 4.289e-04
9.812e-01 9.812e-01 9.811e-01 9.810e-01 9.809e-01 9.806e-01 9.803e-01 9.797e-01 9.787e-01 9.772e-01 9.749e-01 9.712e-01 9.656e-01 9.570e-01 9.441e-01 9.251e-01 8.979e-01 8.603e-01 8.100e-01 7.463e-01 6.707e-01 5.874e-01 5.012e-01 4.158e-01 3.334e-01 2.567e-01 1.900e-01 1.366e-01 9.708e-02 6.891e-02 4.905e-02 3.517e-02 2.546e-02 1.857e-02 1.358e-02 9.915e-03 7.200e-03 5.198e-03 3.744e-03 2.716e-03 1.994e-03 1.480e-03 1.103e-03 8.197e-04 6.009e-04 4.286e-04
9.789e-01 9.789e-01 9.788e-01 9.787e-01 9.786e-01 9.783e-01 9.780e-01 9.774e-01 9.764e-01 9.749e-01 9.726e-01 9.690e-01 9.633e-01 9.547e-01 9.418e-01 9.229e-01 8.957e-01 8.581e-01 8.079e-01 7.443e-01 6.689e-01 5.858e-01 4.998e-01 4.147e-01 3.325e-01 2.561e-01 1.895e-01 1.362e-01 9.680e-02 6.869e-02 4.889e-02 3.506e-02 2.538e-02 1.852e-02 1.355e-02 9.895e-03 7.187e-03 5.188e-03 3.737e-03 2.711e-03 1.991e-03 1.478e-03 1.102e-03 8.188e-04 6.003e-04 4.282e-04
9.762e-01 9.761e-01 9.761e-01 9.760e-01 9.758e-01 9.756e-01 9.752e-01 9.746e-01 9.737e-01 9.722e-01 9.699e-01 9.662e-01 9.606e-01 9.520e-01 9.391e-01 9.202e-01 8.931e-01 8.555e-01 8.054e-01 7.420e-01 6.668e-01 5.839e-01 4.982e-01 4.134e-01 3.315e-01 2.553e-01 1.889e-01 1.358e-01 9.646e-02 6.844e-02 4.870e-02 3.492e-02 2.529e-02 1.846e-02 1.352e-02 9.873e-03 7.172e-03 5.177e-03 3.729e-03 2.705e-03 1.986e-03 1.475e-03 1.100e-03 8.177e-04 5.996e-04 4.277e-04
9.728e-01 9.728e-01 9.727e-01 9.727e-01 9.725e-01 9.723e-01 9.719e-01 9.713e-01 9.703e-01 9.689e-01 9.665e-01 9.629e-01 9.573e-01 9.487e-01 9.358e-01 9.169e-01 8.899e-01 8.524e-01 8.025e-01 7.392e-01 6.642e-01 5.816e-01 4.963e-01 4.118e-01 3.303e-01 2.544e-01 1.882e-01 1.352e-01 9.604e-02 6.812e-02 4.848e-02 3.477e-02 2.519e-02 1.840e-02 1.348e-02 9.846e-03 7.153e-03 5.164e-03 3.719e-03 2.697e-03 1.981e-03 1.471e-03 1.098e-03 8.163e-04 5.987e-04 4.271e-04
9.687e-01 9.687e-01 9.686e-01 9.685e-01 9.684e-01 9.681e-01 9.677e-01 9.671e-01 9.662e-01 9.647e-01 9.624e-01 9.588e-01 9.532e-01 9.446e-01 9.318e-01 9.129e-01 8.860e-01 8.486e-01 7.988e-01 7.357e-01 6.610e-01 5.788e-01 4.939e-01 4.098e-01 3.287e-01 2.531e-01 1.872e-01 1.345e-01 9.550e-02 6.773e-02 4.819e-02 3.457e-02 2.506e-02 1.832e-02 1.343e-02 9.813e-03 7.130e-03 5.147e-03 3.706e-03 2.688e-03 1.975e-03 1.467e-03 1.095e-03 8.146e-04 5.976e-04 4.264e-04
9.635e-01 9.634e-01 9.634e-01 9.633e-01 9.631e-01 9.629e-01 9.625e-01 9.619e-01 9.610e-01 9.595e-01 9.572e-01 9.536e-01 9.480e-01 9.394e-01 9.266e-01 9.078e-01 8.810e-01 8.437e-01 7.941e-01 7.313e-01 6.570e-01 5.753e-01 4.909e-01 4.074e-01 3.267e-01 2.516e-01 1.860e-01 1.336e-01 9.480e-02 6.721e-02 4.783e-02 3.432e-02 2.490e-02 1.821e-02 1.336e-02 9.770e-03 7.100e-03 5.125e-03 3.690e-03 2.676e-03 1.966e-03 1.462e-03 1.092e-03 8.122e-04 5.961e-04 4.254e-04
9.568e-01 9.568e-01 9.567e-01 9.566e-01 9.565e-01 9.563e-01 9.559e-01 9.553e-01 9.544e-01 9.529e-01 9.506e-01 9.470e-01 9.414e-01 9.329e-01 9.201e-01 9.014e-01 8.747e-01 8.376e-01 7.882e-01 7.257e-01 6.519e-01 5.708e-01 4.870e-01 4.042e-01 3.242e-01 2.496e-01 1.844e-01 1.324e-01 9.390e-02 6.654e-02 4.735e-02 3.399e-02 2.468e-02 1.808e-02 1.327e-02 9.713e-03 7.060e-03 5.096e-03 3.669e-03 2.661e-03 1.956e-03 1.454e-03 1.087e-03 8.092e-04 5.941e-04 4.241e-04
9.485e-01 9.485e-01 9.484e-01 9.483e-01 9.482e-01 9.479e-01 9.476e-01 9.470e-01 9.460e-01 9.446e-01 9.423e-01 9.387e-01 9.331e-01 9.247e-01 9.120e-01 8.933e-01 8.667e-01 8.299e-01 7.808e-01 7.187e-01 6.455e-01 5.650e-01 4.821e-01 4.001e-01 3.208e-01 2.469e-01 1.824e-01 1.308e-01 9.272e-02 6.567e-02 4.673e-02 3.357e-02 2.440e-02 1.790e-02 1.316e-02 9.637e-03 7.008e-03 5.058e-03 3.641e-03 2.641e-03 1.942e-03 1.445e-03 1.081e-03 8.053e-04 5.915e-04 4.223e-04
9.382e-01 9.381e-01 9.381e-01 9.380e-01 9.378e-01 9.376e-01 9.372e-01 9.366e-01 9.357e-01 9.342e-01 9.320e-01 9.284e-01 9.229e-01 9.144e-01 9.018e-01 8.833e-01 8.568e-01 8.202e-01 7.715e-01 7.100e-01 6.374e-01 5.578e-01 4.758e-01 3.948e-01 3.165e-01 2.435e-01 1.797e-01 1.288e-01 9.121e-02 6.456e-02 4.593e-02 3.302e-02 2.403e-02 1.766e-02 1.301e-02 9.537e-03 6.940e-03 5.009e-03 3.606e-03 2.616e-03 1.924e-03 1.433e-03 1.073e-03 8.003e-04 5.882e-04 4.201e-04
9.251e-01 9.250e-01 9.250e-01 9.249e-01 9.247e-01 9.245e-01 9.241e-01 9.236e-01 9.226e-01 9.212e-01 9.189e-01 9.154e-01 9.099e-01 9.015e-01 8.890e-01 8.706e-01 8.443e-01 8.080e-01 7.598e-01 6.989e-01 6.271e-01 5.485e-01 4.677e-01 3.878e-01 3.108e-01 2.390e-01 1.763e-01 1.262e-01 8.928e-02 6.314e-02 4.492e-02 3.232e-02 2.356e-02 1.735e-02 1.281e-02 9.408e-03 6.852e-03 4.947e-03 3.561e-03 2.584e-03 1.902e-03 1.419e-03 1.064e-03 7.940e-04 5.840e-04 4.173e-04
9.079e-01 9.079e-01 9.078e-01 9.077e-01 9.076e-01 9.074e-01 9.070e-01 9.064e-01 9.055e-01 9.041e-01 9.018e-01 8.983e-01 8.929e-01 8.846e-01 8.721e-01 8.539e-01 8.280e-01 7.921e-01 7.444e-01 6.843e-01 6.136e-01 5.363e-01 4.569e-01 3.787e-01 3.033e-01 2.330e-01 1.718e-01 1.229e-01 8.686e-02 6.139e-02 4.367e-02 3.146e-02 2.298e-02 1.697e-02 1.255e-02 9.243e-03 6.741e-03 4.870e-03 3.506e-03 2.545e-03 1.875e-03 1.401e-03 1.052e-03 7.863e-04 5.788e-04 4.138e-04
8.847e-01 8.847e-01 8.846e-01 8.845e-01 8.844e-01 8.842e-01 8.838e-01 8.832e-01 8.823e-01 8.809e-01 8.787e-01 8.752e-01 8.699e-01 8.617e-01 8.494e-01 8.314e-01 8.058e-01 7.705e-01 7.236e-01 6.647e-01 5.954e-01 5.199e-01 4.425e-01 3.665e-01 2.933e-01 2.253e-01 1.661e-01 1.188e-01 8.387e-02 5.925e-02 4.217e-02 3.042e-02 2.228e-02 1.649e-02 1.224e-02 9.037e-03 6.603e-03 4.774e-03 3.439e-03 2.498e-03 1.843e-03 1.379e-03 1.038e-03 7.768e-04 5.724e-04 4.095e-04
8.533e-01 8.533e-01 8.532e-01 8.532e-01 8.530e-01 8.528e-01 8.524e-01 8.519e-01 8.510e-01 8.496e-01 8.474e-01 8.440e-01 8.387e-01 8.307e-01 8.186e-01 8.010e-01 7.760e-01 7.414e-01 6.957e-01 6.383e-01 5.711e-01 4.980e-01 4.234e-01 3.504e-01 2.803e-01 2.154e-01 1.588e-01 1.136e-01 8.027e-02 5.672e-02 4.040e-02 2.920e-02 2.144e-02 1.592e-02 1.186e-02 8.783e-03 6.434e-03 4.659e-03 3.359e-03 2.443e-03 1.805e-03 1.354e-03 1.020e-03 7.653e-04 5.646e-04 4.041e-04
8.117e-01 8.116e-01 8.116e-01 8.115e-01 8.114e-01 8.111e-01 8.108e-01 8.102e-01 8.094e-01 8.080e-01 8.059e-01 8.026e-01 7.974e-01 7.896e-01 7.779e-01 7.608e-01 7.365e-01 7.031e-01 6.590e-01 6.038e-01 5.394e-01 4.696e-01 3.988e-01 3.298e-01 2.639e-01 2.029e-01 1.499e-01 1.074e-01 7.601e-02 5.377e-02 3.836e-02 2.778e-02 2.045e-02 1.523e-02 1.139e-02 8.473e-03 6.227e-03 4.519e-03 3.264e-03 2.377e-03 1.760e-03 1.323e-03 9.999e-04 7.513e-04 5.550e-04 3.976e-04
7.584e-01 7.583e-01 7.583e-01 7.582e-01 7.581e-01 7.579e-01 7.575e-01 7.570e-01 7.562e-01 7.548e-01 7.528e-01 7.496e-01 7.446e-01 7.371e-01 7.258e-01 7.094e-01 6.862e-01 6.543e-01 6.124e-01 5.602e-01 4.996e-01 4.343e-01 3.684e-01 3.045e-01 2.438e-01 1.878e-01 1.392e-01 1.002e-01 7.110e-02 5.042e-02 3.604e-02 2.617e-02 1.932e-02 1.444e-02 1.084e-02 8.100e-03 5.978e-03 4.352e-03 3.150e-03 2.299e-03 1.707e-03 1.287e-03 9.749e-04 7.342e-04 5.433e-04 3.895e-04
6.938e-01 6.938e-01 6.937e-01 6.936e-01 6.935e-01 6.933e-01 6.930e-01 6.925e-01 6.917e-01 6.904e-01 6.885e-01 6.854e-01 6.807e-01 6.736e-01 6.629e-01 6.474e-01 6.256e-01 5.957e-01 5.567e-01 5.083e-01 4.525e-01 3.928e-01 3.329e-01 2.751e-01 2.205e-01 1.703e-01 1.268e-01 9.184e-02 6.554e-02 4.666e-02 3.346e-02 2.436e-02 1.804e-02 1.353e-02 1.020e-02 7.659e-03 5.681e-03 4.153e-03 3.016e-03 2.207e-03 1.644e-03 1.243e-03 9.444e-04 7.130e-04 5.286e-04 3.795e-04
6.214e-01 6.214e-01 6.214e-01 6.213e-01 6.212e-01 6.210e-01 6.207e-01 6.202e-01 6.195e-01 6.183e-01 6.164e-01 6.136e-01 6.092e-01 6.025e-01 5.926e-01 5.782e-01 5.580e-01 5.306e-01 4.950e-01 4.512e-01 4.011e-01 3.478e-01 2.946e-01 2.435e-01 1.954e-01 1.514e-01 1.134e-01 8.271e-02 5.947e-02 4.260e-02 3.068e-02 2.241e-02 1.664e-02 1.252e-02 9.478e-03 7.152e-03 5.333e-03 3.917e-03 2.856e-03 2.098e-03 1.567e-03 1.189e-03 9.068e-04 6.867e-04 5.103e-04 3.669e-04
5.482e-01 5.482e-01 5.481e-01 5.481e-01 5.479e-01 5.478e-01 5.475e-01 5.471e-01 5.464e-01 5.453e-01 5.436e-01 5.409e-01 5.369e-01 5.307e-01 5.216e-01 5.085e-01 4.901e-01 4.654e-01 4.336e-01 3.947e-01 3.505e-01 3.038e-01 2.574e-01 2.127e-01 1.708e-01 1.326e-01 9.981e-02 7.337e-02 5.321e-02 3.840e-02 2.782e-02 2.039e-02 1.518e-02 1.145e-02 8.692e-03 6.585e-03 4.934e-03 3.643e-03 2.668e-03 1.967e-03 1.475e-03 1.124e-03 8.603e-04 6.537e-04 4.872e-04 3.511e-04
4.824e-01 4.823e-01 4.823e-01 4.822e-01 4.821e-01 4.820e-01 4.817e-01 4.813e-01 4.807e-01 4.797e-01 4.781e-01 4.757e-01 4.720e-01 4.664e-01 4.580e-01 4.461e-01 4.296e-01 4.075e-01 3.791e-01 3.448e-01 3.061e-01 2.654e-01 2.249e-01 1.859e-01 1.492e-01 1.159e-01 8.743e-02 6.464e-02 4.724e-02 3.435e-02 2.501e-02 1.839e-02 1.371e-02 1.035e-02 7.863e-03 5.971e-03 4.489e-03 3.327e-03 2.446e-03 1.811e-03 1.364e-03 1.044e-03 8.029e-04 6.125e-04 4.580e-04 3.310e-04
4.288e-01 4.288e-01 4.288e-01 4.287e-01 4.286e-01 4.285e-01 4.282e-01 4.278e-01 4.273e-01 4.263e-01 4.249e-01 4.227e-01 4.193e-01 4.141e-01 4.065e-01 3.957e-01 3.807e-01 3.608e-01 3.355e-01 3.050e-01 2.707e-01 2.348e-01 1.990e-01 1.643e-01 1.317e-01 1.022e-01 7.710e-02 5.712e-02 4.191e-02 3.060e-02 2.234e-02 1.643e-02 1.224e-02 9.223e-03 7.002e-03 5.315e-03 3.999e-03 2.970e-03 2.190e-03 1.628e-03 1.232e-03 9.479e-04 7.326e-04 5.613e-04 4.213e-04 3.056e-04
3.845e-01 3.845e-01 3.845e-01 3.844e-01 3.843e-01 3.842e-01 3.840e-01 3.836e-01 3.831e-01 3.823e-01 3.809e-01 3.789e-01 3.757e-01 3.710e-01 3.641e-01 3.542e-01 3.406e-01 3.226e-01 2.998e-01 2.724e-01 2.417e-01 2.096e-01 1.775e-01 1.465e-01 1.172e-01 9.075e-02 6.833e-02 5.057e-02 3.710e-02 2.708e-02 1.975e-02 1.449e-02 1.075e-02 8.068e-03 6.101e-03 4.617e-03 3.467e-03 2.573e-03 1.901e-03 1.418e-03 1.079e-03 8.340e-04 6.477e-04 4.984e-04 3.755e-04 2.734e-04
3.411e-01 3.410e-01 3.410e-01 3.410e-01 3.409e-01 3.408e-01 3.406e-01 3.403e-01 3.398e-01 3.390e-01 3.378e-01 3.359e-01 3.331e-01 3.288e-01 3.225e-01 3.136e-01 3.014e-01 2.853e-01 2.649e-01 2.405e-01 2.133e-01 1.847e-01 1.563e-01 1.288e-01 1.029e-01 7.948e-02 5.970e-02 4.407e-02 3.225e-02 2.347e-02 1.705e-02 1.244e-02 9.177e-03 6.848e-03 5.148e-03 3.873e-03 2.895e-03 2.143e-03 1.583e-03 1.184e-03 9.044e-04 7.024e-04 5.477e-04 4.229e-04 3.197e-04 2.337e-04
2.909e-01 2.909e-01 2.909e-01 2.908e-01 2.908e-01 2.906e-01 2.905e-01 2.902e-01 2.898e-01 2.891e-01 2.880e-01 2.864e-01 2.839e-01 2.802e-01 2.747e-01 2.670e-01 2.564e-01 2.425e-01 2.249e-01 2.040e-01 1.806e-01 1.562e-01 1.319e-01 1.085e-01 8.647e-02 6.666e-02 4.993e-02 3.675e-02 2.681e-02 1.944e-02 1.405e-02 1.019e-02 7.467e-03 5.530e-03 4.126e-03 3.082e-03 2.291e-03 1.690e-03 1.248e-03 9.343e-04 7.151e-04 5.566e-04 4.347e-04 3.361e-04 2.546e-04 1.868e-04
2.302e-01 2.302e-01 2.302e-01 2.302e-01 2.301e-01 2.300e-01 2.299e-01 2.297e-01 2.293e-01 2.288e-01 2.279e-01 2.266e-01 2.245e-01 2.215e-01 2.170e-01 2.108e-01 2.022e-01 1.910e-01 1.770e-01 1.602e-01 1.416e-01 1.222e-01 1.030e-01 8.449e-02 6.717e-02 5.163e-02 3.857e-02 2.831e-02 2.059e-02 1.487e-02 1.070e-02 7.717e-03 5.613e-03 4.123e-03 3.051e-03 2.261e-03 1.671e-03 1.229e-03 9.078e-04 6.806e-04 5.209e-04 4.048e-04 3.153e-04 2.431e-04 1.840e-04 1.353e-04
1.612e-01 1.612e-01 1.612e-01 1.612e-01 1.611e-01 1.611e-01 1.610e-01 1.608e-01 1.605e-01 1.601e-01 1.595e-01 1.585e-01 1.570e-01 1.548e-01 1.516e-01 1.471e-01 1.409e-01 1.329e-01 1.230e-01 1.112e-01 9.811e-02 8.449e-02 7.101e-02 5.808e-02 4.603e-02 3.528e-02 2.628e-02 1.925e-02 1.397e-02 1.007e-02 7.222e-03 5.183e-03 3.746e-03 2.730e-03 2.003e-03 1.473e-03 1.083e-03 7.963e-04 5.895e-04 4.429e-04 3.383e-04 2.613e-04 2.018e-04 1.543e-04 1.161e-04 8.529e-05
9.387e-02 9.386e-02 9.385e-02 9.384e-02 9.381e-02 9.377e-02 9.371e-02 9.361e-02 9.345e-02 9.320e-02 9.281e-02 9.221e-02 9.130e-02 8.994e-02 8.798e-02 8.524e-02 8.157e-02 7.686e-02 7.103e-02 6.417e-02 5.656e-02 4.864e-02 4.080e-02 3.328e-02 2.631e-02 2.012e-02 1.497e-02 1.096e-02 7.959e-03 5.742e-03 4.119e-03 2.953e-03 2.127e-03 1.542e-03 1.122e-03 8.192e-04 5.991e-04 4.404e-04 3.273e-04 2.466e-04 1.878e-04 1.436e-04 1.092e-04 8.216e-05 6.104e-05 4.463e-05
4.209e-02 4.209e-02 4.208e-02 4.208e-02 4.206e-02 4.205e-02 4.201e-02 4.197e-02 4.189e-02 4.177e-02 4.159e-02 4.130e-02 4.087e-02 4.024e-02 3.932e-02 3.806e-02 3.640e-02 3.430e-02 3.173e-02 2.873e-02 2.540e-02 2.190e-02 1.840e-02 1.502e-02 1.187e-02 9.080e-03 6.770e-03 4.976e-03 3.635e-03 2.639e-03 1.906e-03 1.373e-03 9.904e-04 7.160e-04 5.176e-04 3.741e-04 2.712e-04 1.985e-04 1.477e-04 1.114e-04 8.449e-05 6.385e-05 4.772e-05 3.517e-05 2.567e-05 1.859e-05
1.357e-02 1.357e-02 1.357e-02 1.357e-02 1.356e-02 1.356e-02 1.355e-02 1.353e-02 1.351e-02 1.347e-02 1.341e-02 1.332e-02 1.318e-02 1.298e-02 1.269e-02 1.230e-02 1.179e-02 1.117e-02 1.041e-02 9.538e-03 8.548e-03 7.476e-03 6.359e-03 5.240e-03 4.171e-03 3.212e-03 2.413e-03 1.790e-03 1.321e-03 9.693e-04 7.068e-04 5.129e-04 3.709e-04 2.669e-04 1.906e-04 1.352e-04 9.603e-05 6.914e-05 5.098e-05 3.829e-05 2.889e-05 2.164e-05 1.596e-05 1.158e-05 8.324e-06 5.962e-06
3.170e-03 3.169e-03 3.169e-03 3.169e-03 3.168e-03 3.167e-03 3.165e-03 3.162e-03 3.157e-03 3.150e-03 3.139e-03 3.122e-03 3.097e-03 3.059e-03 3.007e-03 2.936e-03 2.846e-03 2.736e-03 2.603e-03 2.443e-03 2.252e-03 2.027e-03 1.770e-03 1.489e-03 1.204e-03 9.385e-04 7.115e-04 5.313e-04 3.940e-04 2.901e-04 2.119e-04 1.534e-04 1.101e-04 7.798e-05 5.433e-05 3.726e-05 2.542e-05 1.763e-05 1.266e-05 9.365e-06 6.998e-06 5.205e-06 3.815e-06 2.747e-06 1.954e-06 1.384e-06
5.657e-04 5.657e-04 5.657e-04 5.656e-04 5.656e-04 5.655e-04 5.653e-04 5.650e-04 5.646e-04 5.640e-04 5.630e-04 5.614e-04 5.591e-04 5.557e-04 5.508e-04 5.440e-04 5.351e-04 5.234e-04 5.082e-04 4.879e-04 4.605e-04 4.244e-04 3.784e-04 3.240e-04 2.652e-04 2.081e-04 1.581e-04 1.177e-04 8.667e-05 6.330e-05 4.577e-05 3.275e-05 2.315e-05 1.607e-05 1.089e-05 7.192e-06 4.683e-06 3.093e-06 2.135e-06 1.538e-06 1.131e-06 8.332e-07 6.064e-07 4.329e-07 3.033e-07 2.104e-07
6.025e-05 6.025e-05 6.025e-05 6.025e-05 6.025e-05 6.024e-05 6.024e-05 6.022e-05 6.021e-05 6.018e-05 6.013e-05 6.006e-05 5.995e-05 5.979e-05 5.953e-05 5.915e-05 5.858e-05 5.774e-05 5.650e-05 5.467e-05 5.201e-05 4.830e-05 4.339e-05 3.738e-05 3.073e-05 2.414e-05 1.827e-05 1.350e-05 9.849e-06 7.118e-06 5.093e-06 3.608e-06 2.524e-06 1.732e-06 1.156e-06 7.488e-07 4.752e-07 3.047e-07 2.045e-07 1.444e-07 1.048e-07 7.655e-08 5.533e-08 3.911e-08 2.694e-08 1.828e-08
2.117e-06 2.117e-06 2.117e-06 2.117e-06 2.117e-06 2.117e-06 2.116e-06 2.116e-06 2.116e-06 2.115e-06 2.114e-06 2.112e-06 2.109e-06 2.105e-06 2.098e-06 2.087e-06 2.070e-06 2.043e-06 2.003e-06 1.941e-06 1.851e-06 1.723e-06 1.553e-06 1.342e-06 1.106e-06 8.685e-07 6.548e-07 4.802e-07 3.471e-07 2.484e-07 1.762e-07 1.239e-07 8.627e-08 5.906e-08 3.941e-08 2.556e-08 1.626e-08 1.044e-08 6.996e-09 4.924e-09 3.566e-09 2.604e-09 1.882e-09 1.329e-09 9.121e-10 6.158e-10
1.135e-08 1.135e-08 1.135e-08 1.135e-08 1.135e-08 1.135e-08 1.135e-08 1.135e-08 1.134e-08 1.134e-08 1.134e-08 1.133e-08 1.131e-08 1.129e-08 1.126e-08 1.120e-08 1.111e-08 1.098e-08 1.077e-08 1.046e-08 9.997e-09 9.339e-09 8.453e-09 7.343e-09 6.078e-09 4.780e-09 3.589e-09 2.608e-09 1.863e-09 1.317e-09 9.250e-10 6.461e-10 4.489e-10 3.086e-10 2.082e-10 1.376e-10 8.996e-11 5.953e-11 4.089e-11 2.925e-11 2.144e-11 1.583e-11 1.158e-11 8.273e-12 5.746e-12 3.922e-12
14N15N
9.803e-01 9.803e-01 9.803e-01 9.803e-01 9.803e-01 9.803e-01 9.802e-01 9.802e-01 9.802e-01 9.802e-01 9.801e-01 9.800e-01 9.799e-01 9.797e-01 9.793e-01 9.787e-01 9.778e-01 9.764e-01 9.742e-01 9.708e-01 9.655e-01 9.575e-01 9.456e-01 9.282e-01 9.038e-01 8.706e-01 8.273e-01 7.734e-01 7.098e-01 6.381e-01 5.603e-01 4.773e-01 3.920e-01 3.096e-01 2.360e-01 1.748e-01 1.265e-01 8.957e-02 6.236e-02 4.281e-02 2.898e-02 1.936e-02 1.280e-02 8.399e-03 5.464e-03 3.529e-03
9.765e-01 9.765e-01 9.765e-01 9.765e-01 9.765e-01 9.765e-01 9.765e-01 9.764e-01 9.764e-01 9.764e-01 9.763e-01 9.762e-01 9.761e-01 9.759e-01 9.755e-01 9.750e-01 9.741e-01 9.727e-01 9.705e-01 9.671e-01 9.618e-01 9.539e-01 9.420e-01 9.247e-01 9.003e-01 8.672e-01 8.239e-01 7.702e-01 7.066e-01 6.352e-01 5.576e-01 4.750e-01 3.900e-01 3.081e-01 2.350e-01 1.742e-01 1.261e-01 8.937e-02 6.222e-02 4.272e-02 2.892e-02 1.932e-02 1.277e-02 8.380e-03 5.452e-03 3.521e-03
9.722e-01 9.722e-01 9.722e-01 9.722e-01 9.722e-01 9.722e-01 9.722e-01 9.722e-01 9.722e-01 9.721e-01 9.721e-01 9.720e-01 9.718e-01 9.716e-01 9.713e-01 9.707e-01 9.698e-01 9.684e-01 9.663e-01 9.629e-01 9.577e-01 9.498e-01 9.380e-01 9.207e-01 8.964e-01 8.633e-01 8.202e-01 7.665e-01 7.031e-01 6.319e-01 5.546e-01 4.724e-01 3.879e-01 3.066e-01 2.340e-01 1.737e-01 1.258e-01 8.919e-02 6.210e-02 4.263e-02 2.886e-02 1.928e-02 1.275e-02 8.363e-03 5.441e-03 3.513e-03
9.675e-01 9.674e-01 9.674e-01 9.674e-01 9.674e-01 9.674e-01 9.674e-01 9.674e-01 9.674e-01 9.674e-01 9.673e-01 9.672e-01 9.671e-01 9.669e-01 9.665e-01 9.659e-01 9.651e-01 9.637e-01 9.616e-01 9.582e-01 9.530e-01 9.452e-01 9.334e-01 9.162e-01 8.919e-01 8.589e-01 8.159e-01 7.623e-01 6.992e-01 6.282e-01 5.512e-01 4.695e-01 3.856e-01 3.049e-01 2.329e-01 1.731e-01 1.255e-01 8.901e-02 6.198e-02 4.255e-02 2.881e-02 1.924e-02 1.272e-02 8.346e-03 5.429e-03 3.505e-03
9.625e-01 9.625e-01 9.625e-01 9.625e-01 9.625e-01 9.625e-01 9.625e-01 9.625e-01 9.624e-01 9.624e-01 9.624e-01 9.623e-01 9.621e-01 9.619e-01 9.616e-01 9.610e-01 9.601e-01 9.588e-01 9.566e-01 9.533e-01 9.482e-01 9.403e-01 9.286e-01 9.115e-01 8.872e-01 8.543e-01 8.113e-01 7.580e-01 6.950e-01 6.243e-01 5.478e-01 4.665e-01 3.832e-01 3.032e-01 2.318e-01 1.724e-01 1.252e-01 8.883e-02 6.186e-02 4.247e-02 2.875e-02 1.920e-02 1.270e-02 8.328e-03 5.416e-03 3.496e-03
9.579e-01 9.579e-01 9.579e-01 9.579e-01 9.579e-01 9.578e-01 9.578e-01 9.578e-01 9.578e-01 9.578e-01 9.577e-01 9.576e-01 9.575e-01 9.573e-01 9.569e-01 9.564e-01 9.555e-01 9.542e-01 9.520e-01 9.487e-01 9.436e-01 9.358e-01 9.240e-01 9.070e-01 8.828e-01 8.499e-01 8.071e-01 7.538e-01 6.911e-01 6.207e-01 5.445e-01 4.638e-01 3.811e-01 3.016e-01 2.308e-01 1.718e-01 1.249e-01 8.863e-02 6.173e-02 4.238e-02 2.869e-02 1.916e-02 1.267e-02 8.308e-03 5.402e-03 3.486e-03
9.537e-01 9.537e-01 9.537e-01 9.537e-01 9.537e-01 9.537e-01 9.537e-01 9.537e-01 9.536e-01 9.536e-01 9.535e-01 9.535e-01 9.533e-01 9.531e-01 9.528e-01 9.522e-01 9.513e-01 9.500e-01 9.479e-01 9.446e-01 9.394e-01 9.316e-01 9.200e-01 9.029e-01 8.788e-01 8.460e-01 8.033e-01 7.502e-01 6.877e-01 6.176e-01 5.418e-01 4.615e-01 3.793e-01 3.003e-01 2.299e-01 1.713e-01 1.245e-01 8.842e-02 6.159e-02 4.228e-02 2.862e-02 1.911e-02 1.264e-02 8.285e-03 5.386e-03 3.475e-03
9.499e-01 9.499e-01 9.499e-01 9.499e-01 9.499e-01 9.499e-01 9.499e-01 9.499e-01 9.499e-01 9.498e-01 9.498e-01 9.497e-01 9.495e-01 9.493e-01 9.490e-01 9.484e-01 9.476e-01 9.462e-01 9.441e-01 9.408e-01 9.357e-01 9.279e-01 9.163e-01 8.992e-01 8.752e-01 8.425e-01 7.999e-01 7.469e-01 6.846e-01 6.149e-01 5.394e-01 4.596e-01 3.778e-01 2.991e-01 2.291e-01 1.707e-01 1.242e-01 8.819e-02 6.143e-02 4.217e-02 2.854e-02 1.906e-02 1.260e-02 8.260e-03 5.369e-03 3.463e-03
9.465e-01 9.465e-01 9.465e-01 9.465e-01 9.465e-01 9.465e-01 9.465e-01 9.465e-01 9.465e-01 9.464e-01 9.464e-01 9.463e-01 9.462e-01 9.459e-01 9.456e-01 9.451e-01 9.442e-01 9.429e-01 9.407e-01 9.374e-01 9.323e-01 9.246e-01 9.130e-01 8.960e-01 8.720e-01 8.394e-01 7.969e-01 7.441e-01 6.820e-01 6.125e-01 5.374e-01 4.579e-01 3.764e-01 2.981e-01 2.283e-01 1.702e-01 1.238e-01 8.795e-02 6.127e-02 4.205e-02 2.846e-02 1.900e-02 1.256e-02 8.233e-03 5.351e-03 3.452e-03
9.437e-01 9.437e-01 9.437e-01 9.437e-01 9.437e-01 9.436e-01 9.436e-01 9.436e-01 9.436e-01 9.436e-01 9.435e-01 9.434e-01 9.433e-01 9.431e-01 9.427e-01 9.422e-01 9.413e-01 9.400e-01 9.379e-01 9.346e-01 9.295e-01 9.218e-01 9.102e-01 8.933e-01 8.693e-01 8.368e-01 7.944e-01 7.418e-01 6.799e-01 6.105e-01 5.357e-01 4.564e-01 3.753e-01 2.972e-01 2.277e-01 1.697e-01 1.235e-01 8.773e-02 6.111e-02 4.194e-02 2.838e-02 1.895e-02 1.252e-02 8.207e-03 5.333e-03 3.440e-03
9.412e-01 9.412e-01 9.412e-01 9.412e-01 9.412e-01 9.412e-01 9.412e-01 9.412e-01 9.412e-01 9.411e-01 9.411e-01 9.410e-01 9.408e-01 9.406e-01 9.403e-01 9.397e-01 9.389e-01 9.375e-01 9.354e-01 9.322e-01 9.271e-01 9.194e-01 9.078e-01 8.910e-01 8.671e-01 8.347e-01 7.924e-01 7.399e-01 6.781e-01 6.089e-01 5.343e-01 4.552e-01 3.743e-01 2.964e-01 2.271e-01 1.693e-01 1.232e-01 8.753e-02 6.096e-02 4.183e-02 2.830e-02 1.889e-02 1.248e-02 8.183e-03 5.317e-03 3.429e-03
9.388e-01 9.388e-01 9.388e-01 9.388e-01 9.388e-01 9.388e-01 9.388e-01 9.388e-01 9.388e-01 9.387e-01 9.387e-01 9.386e-01 9.385e-01 9.382e-01 9.379e-01 9.374e-01 9.365e-01 9.352e-01 9.331e-01 9.298e-01 9.248e-01 9.171e-01 9.056e-01 8.888e-01 8.650e-01 8.326e-01 7.904e-01 7.381e-01 6.764e-01 6.074e-01 5.329e-01 4.541e-01 3.733e-01 2.957e-01 2.265e-01 1.689e-01 1.229e-01 8.735e-02 6.083e-02 4.173e-02 2.822e-02 1.884e-02 1.245e-02 8.161e-03 5.303e-03 3.419e-03
9.362e-01 9.362e-01 9.362e-01 9.362e-01 9.362e-01 9.362e-01 9.362e-01 9.361e-01 9.361e-01 9.361e-01 9.360e-01 9.359e-01 9.358e-01 9.356e-01 9.353e-01 9.347e-01 9.339e-01 9.325e-01 9.305e-01 9.272e-01 9.222e-01 9.146e-01 9.031e-01 8.864e-01 8.627e-01 8.304e-01 7.883e-01 7.361e-01 6.745e-01 6.057e-01 5.314e-01 4.527e-01 3.723e-01 2.949e-01 2.260e-01 1.685e-01 1.227e-01 8.718e-02 6.070e-02 4.163e-02 2.815e-02 1.879e-02 1.242e-02 8.140e-03 5.289e-03 3.410e-03
9.330e-01 9.330e-01 9.330e-01 9.330e-01 9.330e-01 9.330e-01 9.330e-01 9.330e-01 9.330e-01 9.329e-01 9.329e-01 9.328e-01 9.327e-01 9.325e-01 9.321e-01 9.316e-01 9.307e-01 9.294e-01 9.274e-01 9.241e-01 9.191e-01 9.115e-01 9.001e-01 8.835e-01 8.599e-01 8.277e-01 7.857e-01 7.336e-01 6.722e-01 6.036e-01 5.295e-01 4.512e-01 3.710e-01 2.939e-01 2.253e-01 1.681e-01 1.224e-01 8.699e-02 6.057e-02 4.153e-02 2.808e-02 1.874e-02 1.239e-02 8.119e-03 5.275e-03 3.401e-03
9.292e-01 9.292e-01 9.292e-01 9.292e-01 9.292e-01 9.292e-01 9.292e-01 9.292e-01 9.291e-01 9.291e-01 9.291e-01 9.290e-01 9.288e-01 9.286e-01 9.283e-01 9.278e-01 9.269e-01 9.256e-01 9.236e-01 9.203e-01 9.154e-01 9.078e-01 8.965e-01 8.799e-01 8.564e-01 8.243e-01 7.825e-01 7.305e-01 6.693e-01 6.009e-01 5.272e-01 4.492e-01 3.694e-01 2.928e-01 2.245e-01 1.676e-01 1.221e-01 8.678e-02 6.042e-02 4.142e-02 2.800e-02 1.868e-02 1.235e-02 8.097e-03 5.261e-03 3.391e-03
9.245e-01 9.245e-01 9.245e-01 9.245e-01 9.245e-01 9.245e-01 9.245e-01 9.245e-01 9.244e-01 9.244e-01 9.243e-01 9.243e-01 9.241e-01 9.239e-01 9.236e-01 9.231e-01 9.222e-01 9.209e-01 9.189e-01 9.157e-01 9.108e-01 9.032e-01 8.920e-01 8.755e-01 8.521e-01 8.201e-01 7.785e-01 7.267e-01 6.657e-01 5.976e-01 5.242e-01 4.467e-01 3.675e-01 2.914e-01 2.235e-01 1.669e-01 1.217e-01 8.651e-02 6.024e-02 4.129e-02 2.791e-02 1.863e-02 1.231e-02 8.072e-03 5.245e-03 3.381e-03
9.187e-01 9.187e-01 9.187e-01 9.187e-01 9.187e-01 9.187e-01 9.187e-01 9.187e-01 9.186e-01 9.186e-01 9.185e-01 9.185e-01 9.183e-01 9.181e-01 9.178e-01 9.173e-01 9.164e-01 9.152e-01 9.131e-01 9.100e-01 9.051e-01 8.976e-01 8.864e-01 8.699e-01 8.467e-01 8.149e-01 7.734e-01 7.219e-01 6.612e-01 5.935e-01 5.206e-01 4.437e-01 3.651e-01 2.895e-01 2.223e-01 1.661e-01 1.211e-01 8.617e-02 6.001e-02 4.113e-02 2.780e-02 1.855e-02 1.227e-02 8.043e-03 5.227e-03 3.369e-03
9.115e-01 9.115e-01 9.115e-01 9.115e-01 9.115e-01 9.115e-01 9.115e-01 9.115e-01 9.114e-01 9.114e-01 9.114e-01 9.113e-01 9.111e-01 9.109e-01 9.106e-01 9.101e-01 9.093e-01 9.080e-01 9.060e-01 9.028e-01 8.980e-01 8.905e-01 8.794e-01 8.631e-01 8.400e-01 8.084e-01 7.671e-01 7.159e-01 6.556e-01 5.884e-01 5.161e-01 4.398e-01 3.620e-01 2.872e-01 2.206e-01 1.650e-01 1.204e-01 8.571e-02 5.970e-02 4.092e-02 2.766e-02 1.846e-02 1.221e-02 8.007e-03 5.204e-03 3.355e-03
9.024e-01 9.024e-01 9.024e-01 9.024e-01 9.024e-01 9.024e-01 9.024e-01 9.024e-01 9.023e-01 9.023e-01 9.023e-01 9.022e-01 9.020e-01 9.018e-01 9.015e-01 9.010e-01 9.002e-01 8.989e-01 8.969e-01 8.938e-01 8.890e-01 8.816e-01 8.706e-01 8.544e-01 8.314e-01 8.001e-01 7.591e-01 7.082e-01 6.484e-01 5.818e-01 5.102e-01 4.349e-01 3.580e-01 2.841e-01 2.184e-01 1.635e-01 1.195e-01 8.509e-02 5.928e-02 4.064e-02 2.747e-02 1.834e-02 1.213e-02 7.959e-03 5.175e-03 3.336e-03
8.906e-01 8.906e-01 8.906e-01 8.906e-01 8.906e-01 8.906e-01 8.906e-01 8.906e-01 8.905e-01 8.905e-01 8.905e-01 8.904e-01 8.902e-01 8.900e-01 8.897e-01 8.892e-01 8.884e-01 8.872e-01 8.852e-01 8.821e-01 8.773e-01 8.701e-01 8.591e-01 8.431e-01 8.204e-01 7.893e-01 7.487e-01 6.983e-01 6.392e-01 5.733e-01 5.027e-01 4.285e-01 3.528e-01 2.802e-01 2.156e-01 1.616e-01 1.182e-01 8.427e-02 5.873e-02 4.028e-02 2.723e-02 1.818e-02 1.203e-02 7.897e-03 5.137e-03 3.313e-03
8.753e-01 8.753e-01 8.753e-01 8.753e-01 8.753e-01 8.753e-01 8.753e-01 8.753e-01 8.753e-01 8.752e-01 8.752e-01 8.751e-01 8.750e-01 8.748e-01 8.745e-01 8.740e-01 8.732e-01 8.719e-01 8.700e-01 8.670e-01 8.623e-01 8.551e-01 8.443e-01 8.285e-01 8.061e-01 7.754e-01 7.353e-01 6.855e-01 6.272e-01 5.624e-01 4.930e-01 4.202e-01 3.461e-01 2.751e-01 2.120e-01 1.592e-01 1.166e-01 8.322e-02 5.803e-02 3.981e-02 2.692e-02 1.798e-02 1.191e-02 7.819e-03 5.089e-03 3.284e-03
8.560e-01 8.560e-01 8.560e-01 8.560e-01 8.560e-01 8.560e-01 8.560e-01 8.560e-01 8.560e-01 8.559e-01 8.559e-01 8.558e-01 8.557e-01 8.555e-01 8.552e-01 8.547e-01 8.539e-01 8.527e-01 8.508e-01 8.478e-01 8.432e-01 8.362e-01 8.256e-01 8.101e-01 7.880e-01 7.578e-01 7.183e-01 6.694e-01 6.121e-01 5.485e-01 4.808e-01 4.099e-01 3.378e-01 2.688e-01 2.075e-01 1.562e-01 1.146e-01 8.190e-02 5.716e-02 3.923e-02 2.654e-02 1.774e-02 1.175e-02 7.722e-03 5.028e-03 3.246e-03
8.324e-01 8.324e-01 8.324e-01 8.324e-01 8.324e-01 8.324e-01 8.324e-01 8.324e-01 8.324e-01 8.323e-01 8.323e-01 8.322e-01 8.321e-01 8.319e-01 8.316e-01 8.311e-01 8.304e-01 8.292e-01 8.273e-01 8.244e-01 8.199e-01 8.130e-01 8.027e-01 7.875e-01 7.659e-01 7.363e-01 6.976e-01 6.497e-01 5.936e-01 5.317e-01 4.659e-01 3.972e-01 3.276e-01 2.611e-01 2.020e-01 1.524e-01 1.121e-01 8.025e-02 5.607e-02 3.852e-02 2.608e-02 1.744e-02 1.156e-02 7.602e-03 4.953e-03 3.199e-03
8.044e-01 8.044e-01 8.044e-01 8.044e-01 8.044e-01 8.044e-01 8.044e-01 8.044e-01 8.044e-01 8.043e-01 8.043e-01 8.042e-01 8.041e-01 8.039e-01 8.036e-01 8.031e-01 8.024e-01 8.013e-01 7.994e-01 7.966e-01 7.922e-01 7.855e-01 7.754e-01 7.606e-01 7.396e-01 7.108e-01 6.731e-01 6.264e-01 5.719e-01 5.119e-01 4.483e-01 3.823e-01 3.155e-01 2.518e-01 1.953e-01 1.478e-01 1.090e-01 7.818e-02 5.473e-02 3.765e-02 2.552e-02 1.708e-02 1.133e-02 7.455e-03 4.859e-03 3.140e-03
7.718e-01 7.718e-01 7.718e-01 7.718e-01 7.718e-01 7.718e-01 7.718e-01 7.717e-01 7.717e-01 7.717e-01 7.716e-01 7.716e-01 7.715e-01 7.713e-01 7.710e-01 7.705e-01 7.698e-01 7.687e-01 7.670e-01 7.642e-01 7.600e-01 7.535e-01 7.437e-01 7.294e-01 7.090e-01 6.812e-01 6.447e-01 5.996e-01 5.469e-01 4.891e-01 4.282e-01 3.651e-01 3.016e-01 2.411e-01 1.874e-01 1.422e-01 1.052e-01 7.564e-02 5.310e-02 3.660e-02 2.484e-02 1.665e-02 1.105e-02 7.276e-03 4.745e-03 3.067e-03
7.340e-01 7.340e-01 7.340e-01 7.340e-01 7.340e-01 7.340e-01 7.340e-01 7.340e-01 7.340e-01 7.339e-01 7.339e-01 7.338e-01 7.337e-01 7.335e-01 7.333e-01 7.328e-01 7.322e-01 7.311e-01 7.294e-01 7.268e-01 7.227e-01 7.165e-01 7.071e-01 6.934e-01 6.738e-01 6.471e-01 6.121e-01 5.689e-01 5.185e-01 4.633e-01 4.055e-01 3.458e-01 2.858e-01 2.289e-01 1.783e-01 1.357e-01 1.006e-01 7.260e-02 5.114e-02 3.535e-02 2.403e-02 1.613e-02 1.072e-02 7.062e-03 4.607e-03 2.978e-03
6.910e-01 6.910e-01 6.910e-01 6.910e-01 6.910e-01 6.910e-01 6.910e-01 6.910e-01 6.910e-01 6.909e-01 6.909e-01 6.908e-01 6.907e-01 6.906e-01 6.903e-01 6.899e-01 6.892e-01 6.882e-01 6.866e-01 6.841e-01 6.802e-01 6.743e-01 6.654e-01 6.524e-01 6.338e-01 6.084e-01 5.753e-01 5.342e-01 4.866e-01 4.346e-01 3.802e-01 3.243e-01 2.683e-01 2.152e-01 1.681e-01 1.282e-01 9.530e-02 6.900e-02 4.880e-02 3.385e-02 2.307e-02 1.551e-02 1.033e-02 6.808e-03 4.443e-03 2.872e-03
6.436e-01 6.436e-01 6.436e-01 6.436e-01 6.436e-01 6.436e-01 6.436e-01 6.436e-01 6.435e-01 6.435e-01 6.435e-01 6.434e-01 6.433e-01 6.432e-01 6.429e-01 6.425e-01 6.419e-01 6.410e-01 6.395e-01 6.371e-01 6.335e-01 6.279e-01 6.196e-01 6.073e-01 5.899e-01 5.660e-01 5.350e-01 4.967e-01 4.522e-01 4.037e-01 3.532e-01 3.014e-01 2.495e-01 2.005e-01 1.568e-01 1.198e-01 8.927e-02 6.484e-02 4.604e-02 3.205e-02 2.192e-02 1.478e-02 9.855e-03 6.507e-03 4.250e-03 2.746e-03
5.936e-01 5.936e-01 5.936e-01 5.936e-01 5.936e-01 5.936e-01 5.936e-01 5.936e-01 5.936e-01 5.935e-01 5.935e-01 5.934e-01 5.934e-01 5.932e-01 5.930e-01 5.926e-01 5.921e-01 5.912e-01 5.898e-01 5.876e-01 5.842e-01 5.791e-01 5.713e-01 5.600e-01 5.439e-01 5.219e-01 4.933e-01 4.581e-01 4.172e-01 3.727e-01 3.261e-01 2.783e-01 2.305e-01 1.852e-01 1.449e-01 1.107e-01 8.258e-02 6.011e-02 4.283e-02 2.992e-02 2.054e-02 1.390e-02 9.295e-03 6.151e-03 4.022e-03 2.599e-03
5.429e-01 5.429e-01 5.429e-01 5.429e-01 5.429e-01 5.429e-01 5.429e-01 5.429e-01 5.429e-01 5.429e-01 5.428e-01 5.428e-01 5.427e-01 5.426e-01 5.424e-01 5.420e-01 5.415e-01 5.407e-01 5.394e-01 5.375e-01 5.344e-01 5.297e-01 5.227e-01 5.124e-01 4.978e-01 4.779e-01 4.522e-01 4.204e-01 3.835e-01 3.430e-01 3.003e-01 2.562e-01 2.120e-01 1.701e-01 1.328e-01 1.012e-01 7.539e-02 5.489e-02 3.918e-02 2.747e-02 1.893e-02 1.286e-02 8.638e-03 5.736e-03 3.759e-03 2.430e-03
4.928e-01 4.928e-01 4.928e-01 4.928e-01 4.928e-01 4.928e-01 4.928e-01 4.928e-01 4.928e-01 4.927e-01 4.927e-01 4.927e-01 4.926e-01 4.925e-01 4.923e-01 4.920e-01 4.915e-01 4.908e-01 4.897e-01 4.879e-01 4.851e-01 4.809e-01 4.747e-01 4.655e-01 4.525e-01 4.349e-01 4.122e-01 3.841e-01 3.513e-01 3.149e-01 2.760e-01 2.353e-01 1.942e-01 1.552e-01 1.206e-01 9.153e-02 6.791e-02 4.934e-02 3.522e-02 2.473e-02 1.711e-02 1.168e-02 7.888e-03 5.261e-03 3.458e-03 2.238e-03
4.446e-01 4.446e-01 4.446e-01 4.446e-01 4.446e-01 4.446e-01 4.446e-01 4.446e-01 4.446e-01 4.445e-01 4.445e-01 4.445e-01 4.444e-01 4.443e-01 4.441e-01 4.439e-01 4.435e-01 4.428e-01 4.418e-01 4.402e-01 4.378e-01 4.341e-01 4.285e-01 4.204e-01 4.089e-01 3.935e-01 3.736e-01 3.490e-01 3.201e-01 2.876e-01 2.523e-01 2.148e-01 1.767e-01 1.405e-01 1.085e-01 8.182e-02 6.035e-02 4.365e-02 3.109e-02 2.184e-02 1.515e-02 1.039e-02 7.058e-03 4.731e-03 3.121e-03 2.023e-03
4.000e-01 4.000e-01 4.000e-01 4.000e-01 4.000e-01 4.000e-01 4.000e-01 3.999e-01 3.999e-01 3.999e-01 3.999e-01 3.999e-01 3.998e-01 3.997e-01 3.996e-01 3.993e-01 3.990e-01 3.984e-01 3.975e-01 3.960e-01 3.939e-01 3.905e-01 3.855e-01 3.783e-01 3.681e-01 3.545e-01 3.369e-01 3.153e-01 2.896e-01 2.605e-01 2.284e-01 1.941e-01 1.590e-01 1.257e-01 9.643e-02 7.217e-02 5.285e-02 3.799e-02 2.693e-02 1.888e-02 1.311e-02 9.035e-03 6.167e-03 4.154e-03 2.749e-03 1.785e-03
3.580e-01 3.580e-01 3.580e-01 3.580e-01 3.580e-01 3.580e-01 3.580e-01 3.580e-01 3.580e-01 3.580e-01 3.580e-01 3.579e-01 3.579e-01 3.578e-01 3.577e-01 3.575e-01 3.571e-01 3.566e-01 3.558e-01 3.545e-01 3.525e-01 3.495e-01 3.450e-01 3.384e-01 3.293e-01 3.170e-01 3.012e-01 2.818e-01 2.588e-01 2.325e-01 2.035e-01 1.724e-01 1.406e-01 1.105e-01 8.417e-02 6.252e-02 4.543e-02 3.242e-02 2.286e-02 1.597e-02 1.108e-02 7.649e-03 5.241e-03 3.543e-03 2.351e-03 1.529e-03
3.142e-01 3.142e-01 3.142e-01 3.142e-01 3.142e-01 3.142e-01 3.142e-01 3.142e-01 3.141e-01 3.141e-01 3.141e-01 3.141e-01 3.140e-01 3.140e-01 3.138e-01 3.136e-01 3.133e-01 3.129e-01 3.121e-01 3.110e-01 3.092e-01 3.065e-01 3.025e-01 2.966e-01 2.884e-01 2.775e-01 2.634e-01 2.461e-01 2.256e-01 2.023e-01 1.766e-01 1.490e-01 1.211e-01 9.462e-02 7.163e-02 5.285e-02 3.816e-02 2.706e-02 1.897e-02 1.319e-02 9.128e-03 6.298e-03 4.321e-03 2.926e-03 1.944e-03 1.265e-03
2.633e-01 2.633e-01 2.633e-01 2.633e-01 2.633e-01 2.633e-01 2.633e-01 2.633e-01 2.633e-01 2.633e-01 2.633e-01 2.633e-01 2.632e-01 2.631e-01 2.630e-01 2.629e-01 2.626e-01 2.622e-01 2.616e-01 2.606e-01 2.591e-01 2.568e-01 2.534e-01 2.484e-01 2.414e-01 2.321e-01 2.201e-01 2.053e-01 1.879e-01 1.682e-01 1.465e-01 1.234e-01 9.991e-02 7.785e-02 5.872e-02 4.317e-02 3.105e-02 2.193e-02 1.531e-02 1.061e-02 7.317e-03 5.039e-03 3.455e-03 2.339e-03 1.554e-03 1.010e-03
2.036e-01 2.036e-01 2.036e-01 2.036e-01 2.036e-01 2.036e-01 2.036e-01 2.036e-01 2.036e-01 2.036e-01 2.036e-01 2.036e-01 2.036e-01 2.035e-01 2.034e-01 2.033e-01 2.031e-01 2.028e-01 2.023e-01 2.015e-01 2.004e-01 1.986e-01 1.959e-01 1.920e-01 1.866e-01 1.793e-01 1.699e-01 1.584e-01 1.448e-01 1.295e-01 1.127e-01 9.492e-02 7.691e-02 6.000e-02 4.533e-02 3.338e-02 2.404e-02 1.699e-02 1.186e-02 8.217e-03 5.663e-03 3.898e-03 2.671e-03 1.807e-03 1.198e-03 7.763e-04
1.385e-01 1.385e-01 1.385e-01 1.385e-01 1.385e-01 1.385e-01 1.385e-01 1.385e-01 1.385e-01 1.385e-01 1.385e-01 1.385e-01 1.385e-01 1.384e-01 1.384e-01 1.383e-01 1.382e-01 1.379e-01 1.376e-01 1.371e-01 1.363e-01 1.351e-01 1.333e-01 1.306e-01 1.270e-01 1.220e-01 1.156e-01 1.078e-01 9.853e-02 8.817e-02 7.691e-02 6.502e-02 5.300e-02 4.168e-02 3.179e-02 2.364e-02 1.718e-02 1.224e-02 8.603e-03 5.993e-03 4.151e-03 2.866e-03 1.969e-03 1.333e-03 8.821e-04 5.690e-04
7.780e-02 7.780e-02 7.780e-02 7.780e-02 7.780e-02 7.780e-02 7.779e-02 7.779e-02 7.779e-02 7.779e-02 7.778e-02 7.778e-02 7.776e-02 7.775e-02 7.772e-02 7.767e-02 7.760e-02 7.748e-02 7.730e-02 7.702e-02 7.659e-02 7.593e-02 7.494e-02 7.350e-02 7.148e-02 6.874e-02 6.520e-02 6.086e-02 5.577e-02 5.010e-02 4.400e-02 3.760e-02 3.112e-02 2.495e-02 1.945e-02 1.478e-02 1.095e-02 7.935e-03 5.661e-03 3.996e-03 2.799e-03 1.950e-03 1.347e-03 9.145e-04 6.044e-04 3.875e-04
3.377e-02 3.377e-02 3.377e-02 3.377e-02 3.377e-02 3.377e-02 3.377e-02 3.377e-02 3.377e-02 3.377e-02 3.376e-02 3.376e-02 3.376e-02 3.375e-02 3.374e-02 3.372e-02 3.369e-02 3.365e-02 3.358e-02 3.347e-02 3.329e-02 3.303e-02 3.264e-02 3.207e-02 3.125e-02 3.014e-02 2.870e-02 2.692e-02 2.485e-02 2.257e-02 2.016e-02 1.764e-02 1.506e-02 1.252e-02 1.015e-02 7.996e-03 6.111e-03 4.542e-03 3.311e-03 2.380e-03 1.692e-03 1.193e-03 8.302e-04 5.652e-04 3.726e-04 2.368e-04
1.121e-02 1.121e-02 1.121e-02 1.121e-02 1.121e-02 1.121e-02 1.121e-02 1.121e-02 1.121e-02 1.121e-02 1.121e-02 1.121e-02 1.120e-02 1.120e-02 1.120e-02 1.119e-02 1.119e-02 1.118e-02 1.116e-02 1.113e-02 1.109e-02 1.102e-02 1.092e-02 1.077e-02 1.056e-02 1.026e-02 9.871e-03 9.386e-03 8.823e-03 8.213e-03 7.574e-03 6.902e-03 6.182e-03 5.413e-03 4.606e-03 3.784e-03 2.989e-03 2.278e-03 1.693e-03 1.237e-03 8.904e-04 6.331e-04 4.428e-04 3.016e-04 1.978e-04 1.243e-04
3.174e-03 3.174e-03 3.174e-03 3.174e-03 3.174e-03 3.174e-03 3.174e-03 3.174e-03 3.174e-03 3.174e-03 3.174e-03 3.174e-03 3.174e-03 3.173e-03 3.173e-03 3.172e-03 3.171e-03 3.169e-03 3.167e-03 3.163e-03 3.156e-03 3.146e-03 3.131e-03 3.108e-03 3.074e-03 3.026e-03 2.961e-03 2.878e-03 2.780e-03 2.671e-03 2.552e-03 2.416e-03 2.250e-03 2.046e-03 1.799e-03 1.515e-03 1.219e-03 9.407e-04 7.055e-04 5.187e-04 3.754e-04 2.677e-04 1.873e-04 1.272e-04 8.293e-05 5.153e-05
7.512e-04 7.512e-04 7.512e-04 7.512e-04 7.512e-04 7.512e-04 7.512e-04 7.512e-04 7.512e-04 7.512e-04 7.512e-04 7.512e-04 7.512e-04 7.511e-04 7.511e-04 7.510e-04 7.509e-04 7.508e-04 7.506e-04 7.502e-04 7.496e-04 7.488e-04 7.474e-04 7.453e-04 7.421e-04 7.375e-04 7.309e-04 7.220e-04 7.103e-04 6.953e-04 6.758e-04 6.494e-04 6.130e-04 5.635e-04 4.996e-04 4.234e-04 3.417e-04 2.642e-04 1.984e-04 1.461e-04 1.058e-04 7.541e-05 5.268e-05 3.569e-05 2.317e-05 1.431e-05
1.017e-04 1.017e-04 1.017e-04 1.017e-04 1.017e-04 1.017e-04 1.017e-04 1.017e-04 1.017e-04 1.017e-04 1.017e-04 1.017e-04 1.017e-04 1.017e-04 1.017e-04 1.017e-04 1.016e-04 1.016e-04 1.016e-04 1.016e-04 1.016e-04 1.015e-04 1.014e-04 1.013e-04 1.011e-04 1.008e-04 1.004e-04 9.968e-05 9.864e-05 9.708e-05 9.477e-05 9.135e-05 8.641e-05 7.954e-05 7.056e-05 5.979e-05 4.823e-05 3.728e-05 2.800e-05 2.062e-05 1.494e-05 1.066e-05 7.447e-06 5.043e-06 3.272e-06 2.018e-06
4.657e-06 4.657e-06 4.657e-06 4.657e-06 4.657e-06 4.657e-06 4.657e-06 4.657e-06 4.657e-06 4.657e-06 4.657e-06 4.657e-06 4.657e-06 4.657e-06 4.657e-06 4.657e-06 4.657e-06 4.656e-06 4.656e-06 4.655e-06 4.654e-06 4.652e-06 4.649e-06 4.645e-06 4.637e-06 4.626e-06 4.608e-06 4.580e-06 4.535e-06 4.467e-06 4.363e-06 4.207e-06 3.980e-06 3.663e-06 3.248e-06 2.751e-06 2.219e-06 1.715e-06 1.289e-06 9.516e-07 6.911e-07 4.939e-07 3.457e-07 2.345e-07 1.525e-07 9.433e-08
3.607e-08 3.607e-08 3.607e-08 3.607e-08 3.607e-08 3.607e-08 3.607e-08 3.607e-08 3.607e-08 3.607e-08 3.607e-08 3.607e-08 3.607e-08 3.607e-08 3.607e-08 3.607e-08 3.607e-08 3.606e-08 3.606e-08 3.606e-08 3.605e-08 3.603e-08 3.601e-08 3.598e-08 3.592e-08 3.583e-08 3.569e-08 3.548e-08 3.514e-08 3.461e-08 3.380e-08 3.260e-08 3.084e-08 2.838e-08 2.517e-08 2.133e-08 1.721e-08 1.332e-08 1.003e-08 7.423e-09 5.406e-09 3.874e-09 2.719e-09 1.852e-09 1.210e-09 7.532e-10
