   1   pH3+    pH2   pH3+    pH2   1.7949e-09  -2.4157e-02   2.6050e-01 1.25e+00  0.00e+00 logn  4     0    300  10     1 1 1
   2   pH3+    pH2   pH3+    oH2   6.2987e-10  -2.7476e-01   1.7490e+02 1.25e+00  0.00e+00 logn  4     0    300  10     1 1 1
   3   pH3+    pH2   oH3+    pH2   0.0000e+00   0.0000e+00   0.0000e+00 1.25e+00  0.00e+00 logn  4     0    300  10     1 1 1
   4   pH3+    pH2   oH3+    oH2   5.2705e-10  -1.1429e-01   2.0305e+02 1.25e+00  0.00e+00 logn  4     0    300  10     1 1 1
   5   pH3+    oH2   pH3+    pH2   2.0673e-10  -1.5322e-01   7.2669e-01 1.25e+00  0.00e+00 logn  4     0    300  10     1 1 1
   6   pH3+    oH2   pH3+    oH2   6.7997e-10  -2.0184e-01   1.4779e+00 1.25e+00  0.00e+00 logn  4     0    300  10     1 1 1
   7   pH3+    oH2   oH3+    pH2   1.8711e-10  -2.4499e-01   1.3636e+00 1.25e+00  0.00e+00 logn  4     0    300  10     1 1 1
   8   pH3+    oH2   oH3+    oH2   5.8514e-10  -1.6420e-01   3.5242e+01 1.25e+00  0.00e+00 logn  4     0    300  10     1 1 1
   9   pH3+     HD   pH3+     HD   8.9312e-11  -2.1072e-01   5.4529e-01 1.25e+00  0.00e+00 logn  4     0    300  10     1 1 1
  10   pH3+     HD   oH3+     HD   6.3149e-11   6.4283e-02   3.0921e+01 1.25e+00  0.00e+00 logn  4     0    300  10     1 1 1
  11   pH3+     HD  pH2D+    pH2   1.4921e-10  -2.8937e-01   1.6546e+00 1.25e+00  0.00e+00 logn  4     0    300  10     1 1 1
  12   pH3+     HD  pH2D+    oH2   2.7201e-10  -2.3602e-01   2.9206e+00 1.25e+00  0.00e+00 logn  4     0    300  10     1 1 1
  13   pH3+     HD  oH2D+    pH2   3.9734e-10  -1.7043e-01   3.5981e-01 1.25e+00  0.00e+00 logn  4     0    300  10     1 1 1
  14   pH3+     HD  oH2D+    oH2   6.2945e-10   1.4711e-02   2.6527e+01 1.25e+00  0.00e+00 logn  4     0    300  10     1 1 1
  15   pH3+    pD2   pH3+    pD2   1.8197e-11  -8.0878e-02   5.5424e-01 1.25e+00  0.00e+00 logn  4     0    300  10     1 1 1
  16   pH3+    pD2   pH3+    oD2   0.0000e+00   0.0000e+00   0.0000e+00 1.25e+00  0.00e+00 logn  4     0    300  10     1 1 1
  17   pH3+    pD2   oH3+    pD2   0.0000e+00   0.0000e+00   0.0000e+00 1.25e+00  0.00e+00 logn  4     0    300  10     1 1 1
  18   pH3+    pD2   oH3+    oD2   0.0000e+00   0.0000e+00   0.0000e+00 1.25e+00  0.00e+00 logn  4     0    300  10     1 1 1
  19   pH3+    pD2  pH2D+     HD   3.8971e-10   4.9316e-02  -9.3775e-01 1.25e+00  0.00e+00 logn  4     0    300  10     1 1 1
  20   pH3+    pD2  oH2D+     HD   4.7558e-10  -2.7776e-02   1.8481e-01 1.25e+00  0.00e+00 logn  4     0    300  10     1 1 1
  21   pH3+    pD2  pD2H+    pH2   2.7129e-10  -4.6640e-02   3.5467e-01 1.25e+00  0.00e+00 logn  4     0    300  10     1 1 1
  22   pH3+    pD2  pD2H+    oH2   4.2266e-10   1.6849e-02   5.1498e-01 1.25e+00  0.00e+00 logn  4     0    300  10     1 1 1
  23   pH3+    pD2  oD2H+    pH2   0.0000e+00   0.0000e+00   0.0000e+00 1.25e+00  0.00e+00 logn  4     0    300  10     1 1 1
  24   pH3+    pD2  oD2H+    oH2   0.0000e+00   0.0000e+00   0.0000e+00 1.25e+00  0.00e+00 logn  4     0    300  10     1 1 1
  25   pH3+    oD2   pH3+    pD2   0.0000e+00   0.0000e+00   0.0000e+00 1.25e+00  0.00e+00 logn  4     0    300  10     1 1 1
  26   pH3+    oD2   pH3+    oD2   1.0393e-11  -2.1550e-01   1.7499e+00 1.25e+00  0.00e+00 logn  4     0    300  10     1 1 1
  27   pH3+    oD2   oH3+    pD2   0.0000e+00   0.0000e+00   0.0000e+00 1.25e+00  0.00e+00 logn  4     0    300  10     1 1 1
  28   pH3+    oD2   oH3+    oD2   0.0000e+00   0.0000e+00   0.0000e+00 1.25e+00  0.00e+00 logn  4     0    300  10     1 1 1
  29   pH3+    oD2  pH2D+     HD   5.0405e-10   2.0944e-01  -1.3560e+00 1.25e+00  0.00e+00 logn  4     0    300  10     1 1 1
  30   pH3+    oD2  oH2D+     HD   5.1012e-10   3.2427e-01  -3.1067e+00 1.25e+00  0.00e+00 logn  4     0    300  10     1 1 1
  31   pH3+    oD2  pD2H+    pH2   0.0000e+00   0.0000e+00   0.0000e+00 1.25e+00  0.00e+00 logn  4     0    300  10     1 1 1
  32   pH3+    oD2  pD2H+    oH2   0.0000e+00   0.0000e+00   0.0000e+00 1.25e+00  0.00e+00 logn  4     0    300  10     1 1 1
  33   pH3+    oD2  oD2H+    pH2   2.8893e-10  -2.1694e-01   1.6507e+00 1.25e+00  0.00e+00 logn  4     0    300  10     1 1 1
  34   pH3+    oD2  oD2H+    oH2   4.2780e-10  -1.0017e-01   1.0473e+00 1.25e+00  0.00e+00 logn  4     0    300  10     1 1 1
  35   oH3+    pH2   pH3+    pH2   0.0000e+00   0.0000e+00   0.0000e+00 1.25e+00  0.00e+00 logn  4     0    300  10     1 1 1
  36   oH3+    pH2   pH3+    oH2   1.1966e-09   3.6651e-02   1.2907e+02 1.25e+00  0.00e+00 logn  4     0    300  10     1 1 1
  37   oH3+    pH2   oH3+    pH2   1.6251e-09  -6.8524e-02   7.1957e-01 1.25e+00  0.00e+00 logn  4     0    300  10     1 1 1
  38   oH3+    pH2   oH3+    oH2   5.2443e-10  -4.0138e-01   1.8218e+02 1.25e+00  0.00e+00 logn  4     0    300  10     1 1 1
  39   oH3+    oH2   pH3+    pH2   1.2838e-10   8.2212e-02  -6.4676e-01 1.25e+00  0.00e+00 logn  4     0    300  10     1 1 1
  40   oH3+    oH2   pH3+    oH2   4.1272e-10   1.9125e-02  -4.5408e-01 1.25e+00  0.00e+00 logn  4     0    300  10     1 1 1
  41   oH3+    oH2   oH3+    pH2   9.6906e-11   1.5367e-03  -1.6592e-01 1.25e+00  0.00e+00 logn  4     0    300  10     1 1 1
  42   oH3+    oH2   oH3+    oH2   1.2557e-09  -1.3454e-02   2.1800e-01 1.25e+00  0.00e+00 logn  4     0    300  10     1 1 1
  43   oH3+     HD   pH3+     HD   4.8007e-11   2.2933e-01  -2.7269e+00 1.25e+00  0.00e+00 logn  4     0    300  10     1 1 1
  44   oH3+     HD   oH3+     HD   1.5271e-10  -1.3715e-02  -9.8781e-01 1.25e+00  0.00e+00 logn  4     0    300  10     1 1 1
  45   oH3+     HD  pH2D+    pH2   0.0000e+00   0.0000e+00   0.0000e+00 1.25e+00  0.00e+00 logn  4     0    300  10     1 1 1
  46   oH3+     HD  pH2D+    oH2   1.6159e-10  -1.5232e-02  -3.8215e-01 1.25e+00  0.00e+00 logn  4     0    300  10     1 1 1
  47   oH3+     HD  oH2D+    pH2   1.8567e-10  -7.3601e-02   1.7224e-01 1.25e+00  0.00e+00 logn  4     0    300  10     1 1 1
  48   oH3+     HD  oH2D+    oH2   1.1474e-09   9.5603e-03   3.1886e-01 1.25e+00  0.00e+00 logn  4     0    300  10     1 1 1
  49   oH3+    pD2   pH3+    pD2   0.0000e+00   0.0000e+00   0.0000e+00 1.25e+00  0.00e+00 logn  4     0    300  10     1 1 1
  50   oH3+    pD2   pH3+    oD2   0.0000e+00   0.0000e+00   0.0000e+00 1.25e+00  0.00e+00 logn  4     0    300  10     1 1 1
  51   oH3+    pD2   oH3+    pD2   2.5377e-11  -9.4116e-02   1.2452e+00 1.25e+00  0.00e+00 logn  4     0    300  10     1 1 1
  52   oH3+    pD2   oH3+    oD2   0.0000e+00   0.0000e+00   0.0000e+00 1.25e+00  0.00e+00 logn  4     0    300  10     1 1 1
  53   oH3+    pD2  pH2D+     HD   0.0000e+00   0.0000e+00   0.0000e+00 1.25e+00  0.00e+00 logn  4     0    300  10     1 1 1
  54   oH3+    pD2  oH2D+     HD   9.1047e-10   5.4405e-02  -4.3862e-01 1.25e+00  0.00e+00 logn  4     0    300  10     1 1 1
  55   oH3+    pD2  pD2H+    pH2   0.0000e+00   0.0000e+00   0.0000e+00 1.25e+00  0.00e+00 logn  4     0    300  10     1 1 1
  56   oH3+    pD2  pD2H+    oH2   6.5134e-10  -6.0682e-02   4.8763e-01 1.25e+00  0.00e+00 logn  4     0    300  10     1 1 1
  57   oH3+    pD2  oD2H+    pH2   0.0000e+00   0.0000e+00   0.0000e+00 1.25e+00  0.00e+00 logn  4     0    300  10     1 1 1
  58   oH3+    pD2  oD2H+    oH2   0.0000e+00   0.0000e+00   0.0000e+00 1.25e+00  0.00e+00 logn  4     0    300  10     1 1 1
  59   oH3+    oD2   pH3+    pD2   0.0000e+00   0.0000e+00   0.0000e+00 1.25e+00  0.00e+00 logn  4     0    300  10     1 1 1
  60   oH3+    oD2   pH3+    oD2   0.0000e+00   0.0000e+00   0.0000e+00 1.25e+00  0.00e+00 logn  4     0    300  10     1 1 1
  61   oH3+    oD2   oH3+    pD2   0.0000e+00   0.0000e+00   0.0000e+00 1.25e+00  0.00e+00 logn  4     0    300  10     1 1 1
  62   oH3+    oD2   oH3+    oD2   1.2771e-11  -2.6354e-01   1.8607e+00 1.25e+00  0.00e+00 logn  4     0    300  10     1 1 1
  63   oH3+    oD2  pH2D+     HD   0.0000e+00   0.0000e+00   0.0000e+00 1.25e+00  0.00e+00 logn  4     0    300  10     1 1 1
  64   oH3+    oD2  oH2D+     HD   1.1865e-09   3.1747e-01  -5.3521e-01 1.25e+00  0.00e+00 logn  4     0    300  10     1 1 1
  65   oH3+    oD2  pD2H+    pH2   0.0000e+00   0.0000e+00   0.0000e+00 1.25e+00  0.00e+00 logn  4     0    300  10     1 1 1
  66   oH3+    oD2  pD2H+    oH2   0.0000e+00   0.0000e+00   0.0000e+00 1.25e+00  0.00e+00 logn  4     0    300  10     1 1 1
  67   oH3+    oD2  oD2H+    pH2   0.0000e+00   0.0000e+00   0.0000e+00 1.25e+00  0.00e+00 logn  4     0    300  10     1 1 1
  68   oH3+    oD2  oD2H+    oH2   6.2974e-10  -2.0533e-01   1.0521e+00 1.25e+00  0.00e+00 logn  4     0    300  10     1 1 1
  69  pH2D+    pH2   pH3+     HD   4.1066e-10   5.4368e-01   2.0323e+02 1.25e+00  0.00e+00 logn  4     0    300  10     1 1 1
  70  pH2D+    pH2   oH3+     HD   0.0000e+00   0.0000e+00   0.0000e+00 1.25e+00  0.00e+00 logn  4     0    300  10     1 1 1
  71  pH2D+    pH2  pH2D+    pH2   1.7782e-09  -4.4136e-03   4.9238e-02 1.25e+00  0.00e+00 logn  4     0    300  10     1 1 1
  72  pH2D+    pH2  pH2D+    oH2   0.0000e+00   0.0000e+00   0.0000e+00 1.25e+00  0.00e+00 logn  4     0    300  10     1 1 1
  73  pH2D+    pH2  oH2D+    pH2   0.0000e+00   0.0000e+00   0.0000e+00 1.25e+00  0.00e+00 logn  4     0    300  10     1 1 1
  74  pH2D+    pH2  oH2D+    oH2   7.8805e-10  -2.7407e-01   2.6803e+02 1.25e+00  0.00e+00 logn  4     0    300  10     1 1 1
  75  pH2D+    oH2   pH3+     HD   1.4470e-10   7.7460e-02   5.4290e+01 1.25e+00  0.00e+00 logn  4     0    300  10     1 1 1
  76  pH2D+    oH2   oH3+     HD   1.1458e-10   1.6160e-01   8.9936e+01 1.25e+00  0.00e+00 logn  4     0    300  10     1 1 1
  77  pH2D+    oH2  pH2D+    pH2   0.0000e+00   0.0000e+00   0.0000e+00 1.25e+00  0.00e+00 logn  4     0    300  10     1 1 1
  78  pH2D+    oH2  pH2D+    oH2   4.6054e-10  -4.9738e-02   1.4573e-01 1.25e+00  0.00e+00 logn  4     0    300  10     1 1 1
  79  pH2D+    oH2  oH2D+    pH2   9.3142e-10  -1.3517e-01   1.4449e+00 1.25e+00  0.00e+00 logn  4     0    300  10     1 1 1
  80  pH2D+    oH2  oH2D+    oH2   6.5440e-10   3.3079e-03   9.0277e+01 1.25e+00  0.00e+00 logn  4     0    300  10     1 1 1
  81  pH2D+     HD   pH3+    pD2   1.1507e-11   4.1093e-01   2.2003e+02 1.25e+00  0.00e+00 logn  4     0    300  10     1 1 1
  82  pH2D+     HD   pH3+    oD2   6.4105e-12  -3.8670e-01   1.6132e+02 1.25e+00  0.00e+00 logn  4     0    300  10     1 1 1
  83  pH2D+     HD   oH3+    pD2   0.0000e+00   0.0000e+00   0.0000e+00 1.25e+00  0.00e+00 logn  4     0    300  10     1 1 1
  84  pH2D+     HD   oH3+    oD2   0.0000e+00   0.0000e+00   0.0000e+00 1.25e+00  0.00e+00 logn  4     0    300  10     1 1 1
  85  pH2D+     HD  pH2D+     HD   2.9980e-10   1.6094e-01  -2.1175e+00 1.25e+00  0.00e+00 logn  4     0    300  10     1 1 1
  86  pH2D+     HD  oH2D+     HD   4.3054e-10   2.5388e-01   8.2905e+01 1.25e+00  0.00e+00 logn  4     0    300  10     1 1 1
  87  pH2D+     HD  pD2H+    pH2   2.2012e-10  -2.6682e-01   2.0427e+00 1.25e+00  0.00e+00 logn  4     0    300  10     1 1 1
  88  pH2D+     HD  pD2H+    oH2   1.3575e-10  -1.6756e-01   3.5712e+01 1.25e+00  0.00e+00 logn  4     0    300  10     1 1 1
  89  pH2D+     HD  oD2H+    pH2   5.2337e-10  -1.4722e-01   1.7746e+00 1.25e+00  0.00e+00 logn  4     0    300  10     1 1 1
  90  pH2D+     HD  oD2H+    oH2   2.7249e-10   1.4787e-01  -2.0461e+00 1.25e+00  0.00e+00 logn  4     0    300  10     1 1 1
  91  pH2D+    pD2  pH2D+    pD2   9.1438e-11   3.1366e-01  -3.4709e+00 1.25e+00  0.00e+00 logn  4     0    300  10     1 1 1
  92  pH2D+    pD2  pH2D+    oD2   3.7900e-11  -9.9344e-02  -1.2372e-01 1.25e+00  0.00e+00 logn  4     0    300  10     1 1 1
  93  pH2D+    pD2  oH2D+    pD2   0.0000e+00   0.0000e+00   0.0000e+00 1.25e+00  0.00e+00 logn  4     0    300  10     1 1 1
  94  pH2D+    pD2  oH2D+    oD2   0.0000e+00   0.0000e+00   0.0000e+00 1.25e+00  0.00e+00 logn  4     0    300  10     1 1 1
  95  pH2D+    pD2  pD2H+     HD   7.1503e-10   2.1361e-02  -4.1302e-01 1.25e+00  0.00e+00 logn  4     0    300  10     1 1 1
  96  pH2D+    pD2  oD2H+     HD   5.4271e-10   2.0311e-03   8.1981e-01 1.25e+00  0.00e+00 logn  4     0    300  10     1 1 1
  97  pH2D+    pD2   pD3+    pH2   9.7827e-12  -2.3315e-01   1.5710e+00 1.25e+00  0.00e+00 logn  4     0    300  10     1 1 1
  98  pH2D+    pD2   pD3+    oH2   0.0000e+00   0.0000e+00   0.0000e+00 1.25e+00  0.00e+00 logn  4     0    300  10     1 1 1
  99  pH2D+    pD2   mD3+    pH2   0.0000e+00   0.0000e+00   0.0000e+00 1.25e+00  0.00e+00 logn  4     0    300  10     1 1 1
 100  pH2D+    pD2   mD3+    oH2   0.0000e+00   0.0000e+00   0.0000e+00 1.25e+00  0.00e+00 logn  4     0    300  10     1 1 1
 101  pH2D+    pD2   oD3+    pH2   8.8383e-11  -1.9863e-01   8.2170e-01 1.25e+00  0.00e+00 logn  4     0    300  10     1 1 1
 102  pH2D+    pD2   oD3+    oH2   0.0000e+00   0.0000e+00   0.0000e+00 1.25e+00  0.00e+00 logn  4     0    300  10     1 1 1
 103  pH2D+    oD2  pH2D+    pD2   4.3424e-11   3.8100e-01   8.0567e+01 1.25e+00  0.00e+00 logn  4     0    300  10     1 1 1
 104  pH2D+    oD2  pH2D+    oD2   7.6001e-11   2.7874e-03  -7.4007e-01 1.25e+00  0.00e+00 logn  4     0    300  10     1 1 1
 105  pH2D+    oD2  oH2D+    pD2   0.0000e+00   0.0000e+00   0.0000e+00 1.25e+00  0.00e+00 logn  4     0    300  10     1 1 1
 106  pH2D+    oD2  oH2D+    oD2   0.0000e+00   0.0000e+00   0.0000e+00 1.25e+00  0.00e+00 logn  4     0    300  10     1 1 1
 107  pH2D+    oD2  pD2H+     HD   2.4065e-10  -2.4737e-02  -3.7085e-01 1.25e+00  0.00e+00 logn  4     0    300  10     1 1 1
 108  pH2D+    oD2  oD2H+     HD   1.0537e-09   1.4403e-01  -7.6342e-01 1.25e+00  0.00e+00 logn  4     0    300  10     1 1 1
 109  pH2D+    oD2   pD3+    pH2   0.0000e+00   0.0000e+00   0.0000e+00 1.25e+00  0.00e+00 logn  4     0    300  10     1 1 1
 110  pH2D+    oD2   pD3+    oH2   0.0000e+00   0.0000e+00   0.0000e+00 1.25e+00  0.00e+00 logn  4     0    300  10     1 1 1
 111  pH2D+    oD2   mD3+    pH2   9.3216e-11  -3.7806e-01   2.7149e+00 1.25e+00  0.00e+00 logn  4     0    300  10     1 1 1
 112  pH2D+    oD2   mD3+    oH2   0.0000e+00   0.0000e+00   0.0000e+00 1.25e+00  0.00e+00 logn  4     0    300  10     1 1 1
 113  pH2D+    oD2   oD3+    pH2   9.3239e-11  -2.3496e-01   2.4259e+00 1.25e+00  0.00e+00 logn  4     0    300  10     1 1 1
 114  pH2D+    oD2   oD3+    oH2   0.0000e+00   0.0000e+00   0.0000e+00 1.25e+00  0.00e+00 logn  4     0    300  10     1 1 1
 115  oH2D+    pH2   pH3+     HD   1.6173e-10   1.5659e-01   1.3579e+02 1.25e+00  0.00e+00 logn  4     0    300  10     1 1 1
 116  oH2D+    pH2   oH3+     HD   6.8922e-11  -3.3015e-01   1.9262e+02 1.25e+00  0.00e+00 logn  4     0    300  10     1 1 1
 117  oH2D+    pH2  pH2D+    pH2   0.0000e+00   0.0000e+00   0.0000e+00 1.25e+00  0.00e+00 logn  4     0    300  10     1 1 1
 118  oH2D+    pH2  pH2D+    oH2   5.1390e-10  -4.0930e-02   8.3427e+01 1.25e+00  0.00e+00 logn  4     0    300  10     1 1 1
 119  oH2D+    pH2  oH2D+    pH2   1.4616e-09  -8.9251e-02   8.8320e-01 1.25e+00  0.00e+00 logn  4     0    300  10     1 1 1
 120  oH2D+    pH2  oH2D+    oH2   6.0820e-10  -7.4962e-02   1.7713e+02 1.25e+00  0.00e+00 logn  4     0    300  10     1 1 1
 121  oH2D+    oH2   pH3+     HD   5.3993e-11   7.1264e-02  -1.6576e+00 1.25e+00  0.00e+00 logn  4     0    300  10     1 1 1
 122  oH2D+    oH2   oH3+     HD   1.3541e-10  -7.8937e-02   7.0333e+00 1.25e+00  0.00e+00 logn  4     0    300  10     1 1 1
 123  oH2D+    oH2  pH2D+    pH2   7.4892e-11  -4.2242e-02  -5.4864e-01 1.25e+00  0.00e+00 logn  4     0    300  10     1 1 1
 124  oH2D+    oH2  pH2D+    oH2   1.4017e-10  -7.3856e-02  -1.0218e-01 1.25e+00  0.00e+00 logn  4     0    300  10     1 1 1
 125  oH2D+    oH2  oH2D+    pH2   1.6375e-10  -1.2294e-01   4.4898e-01 1.25e+00  0.00e+00 logn  4     0    300  10     1 1 1
 126  oH2D+    oH2  oH2D+    oH2   1.2125e-09   2.5528e-02  -2.8941e-01 1.25e+00  0.00e+00 logn  4     0    300  10     1 1 1
 127  oH2D+     HD   pH3+    pD2   2.5792e-12   2.2738e-02   1.4917e+02 1.25e+00  0.00e+00 logn  4     0    300  10     1 1 1
 128  oH2D+     HD   pH3+    oD2   2.4711e-12  -2.2911e-01   6.8519e+01 1.25e+00  0.00e+00 logn  4     0    300  10     1 1 1
 129  oH2D+     HD   oH3+    pD2   7.6175e-12   1.1680e-01   1.7679e+02 1.25e+00  0.00e+00 logn  4     0    300  10     1 1 1
 130  oH2D+     HD   oH3+    oD2   5.4107e-12  -3.9476e-01   1.0546e+02 1.25e+00  0.00e+00 logn  4     0    300  10     1 1 1
 131  oH2D+     HD  pH2D+     HD   1.1995e-10   1.4420e-01  -1.8201e+00 1.25e+00  0.00e+00 logn  4     0    300  10     1 1 1
 132  oH2D+     HD  oH2D+     HD   5.7943e-10   9.4178e-02   4.4635e-01 1.25e+00  0.00e+00 logn  4     0    300  10     1 1 1
 133  oH2D+     HD  pD2H+    pH2   4.8722e-11  -1.1917e-01   1.4003e+00 1.25e+00  0.00e+00 logn  4     0    300  10     1 1 1
 134  oH2D+     HD  pD2H+    oH2   2.4760e-10  -8.4131e-02   2.0759e-01 1.25e+00  0.00e+00 logn  4     0    300  10     1 1 1
 135  oH2D+     HD  oD2H+    pH2   1.0109e-10  -1.6682e-01   1.5465e+00 1.25e+00  0.00e+00 logn  4     0    300  10     1 1 1
 136  oH2D+     HD  oD2H+    oH2   5.0342e-10  -1.6851e-02  -3.9292e-01 1.25e+00  0.00e+00 logn  4     0    300  10     1 1 1
 137  oH2D+    pD2  pH2D+    pD2   0.0000e+00   0.0000e+00   0.0000e+00 1.25e+00  0.00e+00 logn  4     0    300  10     1 1 1
 138  oH2D+    pD2  pH2D+    oD2   0.0000e+00   0.0000e+00   0.0000e+00 1.25e+00  0.00e+00 logn  4     0    300  10     1 1 1
 139  oH2D+    pD2  oH2D+    pD2   1.2258e-10   1.7256e-01  -1.5051e-01 1.25e+00  0.00e+00 logn  4     0    300  10     1 1 1
 140  oH2D+    pD2  oH2D+    oD2   6.8078e-11   2.3337e-01  -2.0176e+00 1.25e+00  0.00e+00 logn  4     0    300  10     1 1 1
 141  oH2D+    pD2  pD2H+     HD   6.0971e-10  -3.6490e-02   5.4656e-01 1.25e+00  0.00e+00 logn  4     0    300  10     1 1 1
 142  oH2D+    pD2  oD2H+     HD   5.1808e-10  -1.4610e-02  -3.0812e-01 1.25e+00  0.00e+00 logn  4     0    300  10     1 1 1
 143  oH2D+    pD2   pD3+    pH2   0.0000e+00   0.0000e+00   0.0000e+00 1.25e+00  0.00e+00 logn  4     0    300  10     1 1 1
 144  oH2D+    pD2   pD3+    oH2   1.4796e-11  -4.4482e-03  -5.1281e-01 1.25e+00  0.00e+00 logn  4     0    300  10     1 1 1
 145  oH2D+    pD2   mD3+    pH2   0.0000e+00   0.0000e+00   0.0000e+00 1.25e+00  0.00e+00 logn  4     0    300  10     1 1 1
 146  oH2D+    pD2   mD3+    oH2   0.0000e+00   0.0000e+00   0.0000e+00 1.25e+00  0.00e+00 logn  4     0    300  10     1 1 1
 147  oH2D+    pD2   oD3+    pH2   0.0000e+00   0.0000e+00   0.0000e+00 1.25e+00  0.00e+00 logn  4     0    300  10     1 1 1
 148  oH2D+    pD2   oD3+    oH2   1.2519e-10  -2.4475e-02   4.9372e-01 1.25e+00  0.00e+00 logn  4     0    300  10     1 1 1
 149  oH2D+    oD2  pH2D+    pD2   0.0000e+00   0.0000e+00   0.0000e+00 1.25e+00  0.00e+00 logn  4     0    300  10     1 1 1
 150  oH2D+    oD2  pH2D+    oD2   0.0000e+00   0.0000e+00   0.0000e+00 1.25e+00  0.00e+00 logn  4     0    300  10     1 1 1
 151  oH2D+    oD2  oH2D+    pD2   4.8512e-11   1.1445e-01   8.6312e+01 1.25e+00  0.00e+00 logn  4     0    300  10     1 1 1
 152  oH2D+    oD2  oH2D+    oD2   1.0578e-10   1.2396e-01  -1.5248e-01 1.25e+00  0.00e+00 logn  4     0    300  10     1 1 1
 153  oH2D+    oD2  pD2H+     HD   2.7743e-10   3.9279e-03  -3.8172e-01 1.25e+00  0.00e+00 logn  4     0    300  10     1 1 1
 154  oH2D+    oD2  oD2H+     HD   9.2780e-10   2.5315e-02   2.7436e-01 1.25e+00  0.00e+00 logn  4     0    300  10     1 1 1
 155  oH2D+    oD2   pD3+    pH2   0.0000e+00   0.0000e+00   0.0000e+00 1.25e+00  0.00e+00 logn  4     0    300  10     1 1 1
 156  oH2D+    oD2   pD3+    oH2   0.0000e+00   0.0000e+00   0.0000e+00 1.25e+00  0.00e+00 logn  4     0    300  10     1 1 1
 157  oH2D+    oD2   mD3+    pH2   0.0000e+00   0.0000e+00   0.0000e+00 1.25e+00  0.00e+00 logn  4     0    300  10     1 1 1
 158  oH2D+    oD2   mD3+    oH2   9.0943e-11  -2.4740e-01   7.5413e-01 1.25e+00  0.00e+00 logn  4     0    300  10     1 1 1
 159  oH2D+    oD2   oD3+    pH2   0.0000e+00   0.0000e+00   0.0000e+00 1.25e+00  0.00e+00 logn  4     0    300  10     1 1 1
 160  oH2D+    oD2   oD3+    oH2   6.4060e-11  -9.4740e-02  -4.9474e-02 1.25e+00  0.00e+00 logn  4     0    300  10     1 1 1
 161  pD2H+    pH2   pH3+    pD2   2.4794e-11  -1.9664e-01   3.8135e+02 1.25e+00  0.00e+00 logn  4     0    300  10     1 1 1
 162  pD2H+    pH2   pH3+    oD2   0.0000e+00   0.0000e+00   0.0000e+00 1.25e+00  0.00e+00 logn  4     0    300  10     1 1 1
 163  pD2H+    pH2   oH3+    pD2   0.0000e+00   0.0000e+00   0.0000e+00 1.25e+00  0.00e+00 logn  4     0    300  10     1 1 1
 164  pD2H+    pH2   oH3+    oD2   0.0000e+00   0.0000e+00   0.0000e+00 1.25e+00  0.00e+00 logn  4     0    300  10     1 1 1
 165  pD2H+    pH2  pH2D+     HD   5.2761e-10   3.6486e-01   1.2659e+02 1.25e+00  0.00e+00 logn  4     0    300  10     1 1 1
 166  pD2H+    pH2  oH2D+     HD   5.8400e-10   2.8108e-01   2.1932e+02 1.25e+00  0.00e+00 logn  4     0    300  10     1 1 1
 167  pD2H+    pH2  pD2H+    pH2   1.6188e-09  -3.1336e-02   3.3460e-01 1.25e+00  0.00e+00 logn  4     0    300  10     1 1 1
 168  pD2H+    pH2  pD2H+    oH2   3.4715e-10  -5.8483e-01   1.8814e+02 1.25e+00  0.00e+00 logn  4     0    300  10     1 1 1
 169  pD2H+    pH2  oD2H+    pH2   0.0000e+00   0.0000e+00   0.0000e+00 1.25e+00  0.00e+00 logn  4     0    300  10     1 1 1
 170  pD2H+    pH2  oD2H+    oH2   0.0000e+00   0.0000e+00   0.0000e+00 1.25e+00  0.00e+00 logn  4     0    300  10     1 1 1
 171  pD2H+    oH2   pH3+    pD2   9.0266e-12  -1.0786e-01   2.0777e+02 1.25e+00  0.00e+00 logn  4     0    300  10     1 1 1
 172  pD2H+    oH2   pH3+    oD2   0.0000e+00   0.0000e+00   0.0000e+00 1.25e+00  0.00e+00 logn  4     0    300  10     1 1 1
 173  pD2H+    oH2   oH3+    pD2   1.8522e-11  -3.8194e-01   2.5037e+02 1.25e+00  0.00e+00 logn  4     0    300  10     1 1 1
 174  pD2H+    oH2   oH3+    oD2   0.0000e+00   0.0000e+00   0.0000e+00 1.25e+00  0.00e+00 logn  4     0    300  10     1 1 1
 175  pD2H+    oH2  pH2D+     HD   1.6463e-10   3.4174e-01  -1.6560e+00 1.25e+00  0.00e+00 logn  4     0    300  10     1 1 1
 176  pD2H+    oH2  oH2D+     HD   7.8046e-10   1.4252e-01   5.2073e+01 1.25e+00  0.00e+00 logn  4     0    300  10     1 1 1
 177  pD2H+    oH2  pD2H+    pH2   1.7508e-10  -2.0584e-01   1.3774e+00 1.25e+00  0.00e+00 logn  4     0    300  10     1 1 1
 178  pD2H+    oH2  pD2H+    oH2   9.2423e-10  -1.6178e-01   1.4730e+00 1.25e+00  0.00e+00 logn  4     0    300  10     1 1 1
 179  pD2H+    oH2  oD2H+    pH2   0.0000e+00   0.0000e+00   0.0000e+00 1.25e+00  0.00e+00 logn  4     0    300  10     1 1 1
 180  pD2H+    oH2  oD2H+    oH2   0.0000e+00   0.0000e+00   0.0000e+00 1.25e+00  0.00e+00 logn  4     0    300  10     1 1 1
 181  pD2H+     HD  pH2D+    pD2   2.8879e-11   3.4456e-01   1.3977e+02 1.25e+00  0.00e+00 logn  4     0    300  10     1 1 1
 182  pD2H+     HD  pH2D+    oD2   1.4714e-11   1.4843e-01   5.3583e+01 1.25e+00  0.00e+00 logn  4     0    300  10     1 1 1
 183  pD2H+     HD  oH2D+    pD2   1.6173e-10   5.7225e-01   2.1261e+02 1.25e+00  0.00e+00 logn  4     0    300  10     1 1 1
 184  pD2H+     HD  oH2D+    oD2   5.2610e-11   1.1639e-01   1.4151e+02 1.25e+00  0.00e+00 logn  4     0    300  10     1 1 1
 185  pD2H+     HD  pD2H+     HD   6.4139e-10  -6.3466e-03  -6.9290e-01 1.25e+00  0.00e+00 logn  4     0    300  10     1 1 1
 186  pD2H+     HD  oD2H+     HD   6.5866e-10   2.8667e-01  -9.6302e-01 1.25e+00  0.00e+00 logn  4     0    300  10     1 1 1
 187  pD2H+     HD   pD3+    pH2   7.7412e-12  -2.6758e-01   1.8560e+00 1.25e+00  0.00e+00 logn  4     0    300  10     1 1 1
 188  pD2H+     HD   pD3+    oH2   2.1345e-11  -2.7629e-01   1.9013e+00 1.25e+00  0.00e+00 logn  4     0    300  10     1 1 1
 189  pD2H+     HD   mD3+    pH2   0.0000e+00   0.0000e+00   0.0000e+00 1.25e+00  0.00e+00 logn  4     0    300  10     1 1 1
 190  pD2H+     HD   mD3+    oH2   0.0000e+00   0.0000e+00   0.0000e+00 1.25e+00  0.00e+00 logn  4     0    300  10     1 1 1
 191  pD2H+     HD   oD3+    pH2   6.5006e-11  -2.2016e-01   1.3128e+00 1.25e+00  0.00e+00 logn  4     0    300  10     1 1 1
 192  pD2H+     HD   oD3+    oH2   2.1890e-10  -2.2710e-01   2.7560e+00 1.25e+00  0.00e+00 logn  4     0    300  10     1 1 1
 193  pD2H+    pD2  pD2H+    pD2   3.5286e-10   1.5525e-01  -1.6582e+00 1.25e+00  0.00e+00 logn  4     0    300  10     1 1 1
 194  pD2H+    pD2  pD2H+    oD2   5.5645e-11   3.1863e-02  -2.0185e-01 1.25e+00  0.00e+00 logn  4     0    300  10     1 1 1
 195  pD2H+    pD2  oD2H+    pD2   1.0165e-10   3.6083e-01  -4.0132e-01 1.25e+00  0.00e+00 logn  4     0    300  10     1 1 1
 196  pD2H+    pD2  oD2H+    oD2   1.8099e-10   1.0493e-01   2.5125e-01 1.25e+00  0.00e+00 logn  4     0    300  10     1 1 1
 197  pD2H+    pD2   pD3+     HD   7.2972e-11  -8.3135e-02  -2.6147e-01 1.25e+00  0.00e+00 logn  4     0    300  10     1 1 1
 198  pD2H+    pD2   mD3+     HD   0.0000e+00   0.0000e+00   0.0000e+00 1.25e+00  0.00e+00 logn  4     0    300  10     1 1 1
 199  pD2H+    pD2   oD3+     HD   6.6322e-10  -9.2957e-02   7.7627e-01 1.25e+00  0.00e+00 logn  4     0    300  10     1 1 1
 200  pD2H+    oD2  pD2H+    pD2   4.8438e-11   1.4216e-01   8.3392e+01 1.25e+00  0.00e+00 logn  4     0    300  10     1 1 1
 201  pD2H+    oD2  pD2H+    oD2   1.8769e-10   6.0038e-02  -2.4896e-01 1.25e+00  0.00e+00 logn  4     0    300  10     1 1 1
 202  pD2H+    oD2  oD2H+    pD2   2.4292e-10   4.6779e-01   2.7191e+01 1.25e+00  0.00e+00 logn  4     0    300  10     1 1 1
 203  pD2H+    oD2  oD2H+    oD2   1.6774e-10   2.5748e-01   1.1641e+00 1.25e+00  0.00e+00 logn  4     0    300  10     1 1 1
 204  pD2H+    oD2   pD3+     HD   5.5510e-11  -1.2830e-01   1.3972e+00 1.25e+00  0.00e+00 logn  4     0    300  10     1 1 1
 205  pD2H+    oD2   mD3+     HD   2.5687e-10  -5.7645e-02   7.3740e-01 1.25e+00  0.00e+00 logn  4     0    300  10     1 1 1
 206  pD2H+    oD2   oD3+     HD   5.8458e-10  -1.1014e-01   5.0808e-01 1.25e+00  0.00e+00 logn  4     0    300  10     1 1 1
 207  oD2H+    pH2   pH3+    pD2   0.0000e+00   0.0000e+00   0.0000e+00 1.25e+00  0.00e+00 logn  4     0    300  10     1 1 1
 208  oD2H+    pH2   pH3+    oD2   3.3073e-11   6.2954e-01   3.0500e+02 1.25e+00  0.00e+00 logn  4     0    300  10     1 1 1
 209  oD2H+    pH2   oH3+    pD2   0.0000e+00   0.0000e+00   0.0000e+00 1.25e+00  0.00e+00 logn  4     0    300  10     1 1 1
 210  oD2H+    pH2   oH3+    oD2   0.0000e+00   0.0000e+00   0.0000e+00 1.25e+00  0.00e+00 logn  4     0    300  10     1 1 1
 211  oD2H+    pH2  pH2D+     HD   4.1127e-10   1.3300e-01   1.8954e+02 1.25e+00  0.00e+00 logn  4     0    300  10     1 1 1
 212  oD2H+    pH2  oH2D+     HD   8.3156e-10   6.4339e-01   2.5342e+02 1.25e+00  0.00e+00 logn  4     0    300  10     1 1 1
 213  oD2H+    pH2  pD2H+    pH2   0.0000e+00   0.0000e+00   0.0000e+00 1.25e+00  0.00e+00 logn  4     0    300  10     1 1 1
 214  oD2H+    pH2  pD2H+    oH2   0.0000e+00   0.0000e+00   0.0000e+00 1.25e+00  0.00e+00 logn  4     0    300  10     1 1 1
 215  oD2H+    pH2  oD2H+    pH2   1.6835e-09  -1.3637e-02   1.4827e-01 1.25e+00  0.00e+00 logn  4     0    300  10     1 1 1
 216  oD2H+    pH2  oD2H+    oH2   3.2875e-10  -2.4277e-01   1.8112e+02 1.25e+00  0.00e+00 logn  4     0    300  10     1 1 1
 217  oD2H+    oH2   pH3+    pD2   0.0000e+00   0.0000e+00   0.0000e+00 1.25e+00  0.00e+00 logn  4     0    300  10     1 1 1
 218  oD2H+    oH2   pH3+    oD2   5.3314e-12  -1.2400e-01   1.6657e+02 1.25e+00  0.00e+00 logn  4     0    300  10     1 1 1
 219  oD2H+    oH2   oH3+    pD2   0.0000e+00   0.0000e+00   0.0000e+00 1.25e+00  0.00e+00 logn  4     0    300  10     1 1 1
 220  oD2H+    oH2   oH3+    oD2   1.0384e-11  -3.6594e-01   2.0533e+02 1.25e+00  0.00e+00 logn  4     0    300  10     1 1 1
 221  oD2H+    oH2  pH2D+     HD   1.2779e-10   2.2715e-01   1.2367e+01 1.25e+00  0.00e+00 logn  4     0    300  10     1 1 1
 222  oD2H+    oH2  oH2D+     HD   8.4150e-10   1.1091e-01   1.0133e+02 1.25e+00  0.00e+00 logn  4     0    300  10     1 1 1
 223  oD2H+    oH2  pD2H+    pH2   0.0000e+00   0.0000e+00   0.0000e+00 1.25e+00  0.00e+00 logn  4     0    300  10     1 1 1
 224  oD2H+    oH2  pD2H+    oH2   0.0000e+00   0.0000e+00   0.0000e+00 1.25e+00  0.00e+00 logn  4     0    300  10     1 1 1
 225  oD2H+    oH2  oD2H+    pH2   2.9461e-10  -1.5092e-01   1.1335e+00 1.25e+00  0.00e+00 logn  4     0    300  10     1 1 1
 226  oD2H+    oH2  oD2H+    oH2   1.0963e-09  -6.5355e-02   5.8896e-01 1.25e+00  0.00e+00 logn  4     0    300  10     1 1 1
 227  oD2H+     HD  pH2D+    pD2   2.4253e-11   1.1079e+00   1.5860e+02 1.25e+00  0.00e+00 logn  4     0    300  10     1 1 1
 228  oD2H+     HD  pH2D+    oD2   2.6403e-11   1.7102e-01   1.0245e+02 1.25e+00  0.00e+00 logn  4     0    300  10     1 1 1
 229  oD2H+     HD  oH2D+    pD2   2.9756e-11  -2.0558e-01   2.9412e+02 1.25e+00  0.00e+00 logn  4     0    300  10     1 1 1
 230  oD2H+     HD  oH2D+    oD2   1.1061e-10   3.6498e-01   1.8135e+02 1.25e+00  0.00e+00 logn  4     0    300  10     1 1 1
 231  oD2H+     HD  pD2H+     HD   2.8904e-10  -2.6279e-03   4.8458e+01 1.25e+00  0.00e+00 logn  4     0    300  10     1 1 1
 232  oD2H+     HD  oD2H+     HD   8.7163e-10   6.3775e-02  -6.0627e-01 1.25e+00  0.00e+00 logn  4     0    300  10     1 1 1
 233  oD2H+     HD   pD3+    pH2   0.0000e+00   0.0000e+00   0.0000e+00 1.25e+00  0.00e+00 logn  4     0    300  10     1 1 1
 234  oD2H+     HD   pD3+    oH2   0.0000e+00   0.0000e+00   0.0000e+00 1.25e+00  0.00e+00 logn  4     0    300  10     1 1 1
 235  oD2H+     HD   mD3+    pH2   8.5182e-11  -2.0421e-01   1.8821e+00 1.25e+00  0.00e+00 logn  4     0    300  10     1 1 1
 236  oD2H+     HD   mD3+    oH2   1.3305e-10  -1.9065e-01   1.7733e+00 1.25e+00  0.00e+00 logn  4     0    300  10     1 1 1
 237  oD2H+     HD   oD3+    pH2   5.6195e-11  -2.8957e-01   2.5464e+00 1.25e+00  0.00e+00 logn  4     0    300  10     1 1 1
 238  oD2H+     HD   oD3+    oH2   1.4574e-10  -2.8564e-01   2.3845e+00 1.25e+00  0.00e+00 logn  4     0    300  10     1 1 1
 239  oD2H+    pD2  pD2H+    pD2   4.4546e-11   7.5566e-02   4.9873e+01 1.25e+00  0.00e+00 logn  4     0    300  10     1 1 1
 240  oD2H+    pD2  pD2H+    oD2   1.5427e-10  -9.1622e-02   1.4334e-01 1.25e+00  0.00e+00 logn  4     0    300  10     1 1 1
 241  oD2H+    pD2  oD2H+    pD2   1.7667e-10   2.7800e-01  -3.1232e+00 1.25e+00  0.00e+00 logn  4     0    300  10     1 1 1
 242  oD2H+    pD2  oD2H+    oD2   1.3182e-10   7.7271e-02  -1.2872e+00 1.25e+00  0.00e+00 logn  4     0    300  10     1 1 1
 243  oD2H+    pD2   pD3+     HD   4.1226e-11  -2.1611e-01   1.1829e+00 1.25e+00  0.00e+00 logn  4     0    300  10     1 1 1
 244  oD2H+    pD2   mD3+     HD   2.1883e-10  -9.7864e-02   1.3205e-01 1.25e+00  0.00e+00 logn  4     0    300  10     1 1 1
 245  oD2H+    pD2   oD3+     HD   6.5103e-10  -4.4918e-03   1.0113e+00 1.25e+00  0.00e+00 logn  4     0    300  10     1 1 1
 246  oD2H+    oD2  pD2H+    pD2   6.5892e-11   7.8810e-02   1.3647e+02 1.25e+00  0.00e+00 logn  4     0    300  10     1 1 1
 247  oD2H+    oD2  pD2H+    oD2   7.5939e-11  -9.6624e-03   5.1524e+01 1.25e+00  0.00e+00 logn  4     0    300  10     1 1 1
 248  oD2H+    oD2  oD2H+    pD2   1.2156e-10   6.1931e-01   7.2622e+01 1.25e+00  0.00e+00 logn  4     0    300  10     1 1 1
 249  oD2H+    oD2  oD2H+    oD2   2.0506e-10  -3.0734e-02  -6.7261e-01 1.25e+00  0.00e+00 logn  4     0    300  10     1 1 1
 250  oD2H+    oD2   pD3+     HD   0.0000e+00   0.0000e+00   0.0000e+00 1.25e+00  0.00e+00 logn  4     0    300  10     1 1 1
 251  oD2H+    oD2   mD3+     HD   5.7136e-10  -9.2305e-03   3.6411e-02 1.25e+00  0.00e+00 logn  4     0    300  10     1 1 1
 252  oD2H+    oD2   oD3+     HD   5.0431e-10  -6.3361e-02   1.0604e+00 1.25e+00  0.00e+00 logn  4     0    300  10     1 1 1
 253   pD3+    pH2  pH2D+    pD2   2.9050e-10   3.0652e-01   3.6532e+02 1.25e+00  0.00e+00 logn  4     0    300  10     1 1 1
 254   pD3+    pH2  pH2D+    oD2   0.0000e+00   0.0000e+00   0.0000e+00 1.25e+00  0.00e+00 logn  4     0    300  10     1 1 1
 255   pD3+    pH2  oH2D+    pD2   0.0000e+00   0.0000e+00   0.0000e+00 1.25e+00  0.00e+00 logn  4     0    300  10     1 1 1
 256   pD3+    pH2  oH2D+    oD2   0.0000e+00   0.0000e+00   0.0000e+00 1.25e+00  0.00e+00 logn  4     0    300  10     1 1 1
 257   pD3+    pH2  pD2H+     HD   2.0003e-09   1.3093e-01   2.1955e+02 1.25e+00  0.00e+00 logn  4     0    300  10     1 1 1
 258   pD3+    pH2  oD2H+     HD   0.0000e+00   0.0000e+00   0.0000e+00 1.25e+00  0.00e+00 logn  4     0    300  10     1 1 1
 259   pD3+    pH2   pD3+    pH2   1.6504e-09  -1.1713e-02   1.2702e-01 1.25e+00  0.00e+00 logn  4     0    300  10     1 1 1
 260   pD3+    pH2   pD3+    oH2   0.0000e+00   0.0000e+00   0.0000e+00 1.25e+00  0.00e+00 logn  4     0    300  10     1 1 1
 261   pD3+    pH2   mD3+    pH2   0.0000e+00   0.0000e+00   0.0000e+00 1.25e+00  0.00e+00 logn  4     0    300  10     1 1 1
 262   pD3+    pH2   mD3+    oH2   0.0000e+00   0.0000e+00   0.0000e+00 1.25e+00  0.00e+00 logn  4     0    300  10     1 1 1
 263   pD3+    pH2   oD3+    pH2   0.0000e+00   0.0000e+00   0.0000e+00 1.25e+00  0.00e+00 logn  4     0    300  10     1 1 1
 264   pD3+    pH2   oD3+    oH2   0.0000e+00   0.0000e+00   0.0000e+00 1.25e+00  0.00e+00 logn  4     0    300  10     1 1 1
 265   pD3+    oH2  pH2D+    pD2   0.0000e+00   0.0000e+00   0.0000e+00 1.25e+00  0.00e+00 logn  4     0    300  10     1 1 1
 266   pD3+    oH2  pH2D+    oD2   0.0000e+00   0.0000e+00   0.0000e+00 1.25e+00  0.00e+00 logn  4     0    300  10     1 1 1
 267   pD3+    oH2  oH2D+    pD2   3.5055e-10   1.7065e-01   2.7917e+02 1.25e+00  0.00e+00 logn  4     0    300  10     1 1 1
 268   pD3+    oH2  oH2D+    oD2   0.0000e+00   0.0000e+00   0.0000e+00 1.25e+00  0.00e+00 logn  4     0    300  10     1 1 1
 269   pD3+    oH2  pD2H+     HD   1.6143e-09   9.9399e-05   5.2332e+01 1.25e+00  0.00e+00 logn  4     0    300  10     1 1 1
 270   pD3+    oH2  oD2H+     HD   0.0000e+00   0.0000e+00   0.0000e+00 1.25e+00  0.00e+00 logn  4     0    300  10     1 1 1
 271   pD3+    oH2   pD3+    pH2   0.0000e+00   0.0000e+00   0.0000e+00 1.25e+00  0.00e+00 logn  4     0    300  10     1 1 1
 272   pD3+    oH2   pD3+    oH2   5.8350e-10  -4.2964e-01   3.7334e+00 1.25e+00  0.00e+00 logn  4     0    300  10     1 1 1
 273   pD3+    oH2   mD3+    pH2   0.0000e+00   0.0000e+00   0.0000e+00 1.25e+00  0.00e+00 logn  4     0    300  10     1 1 1
 274   pD3+    oH2   mD3+    oH2   0.0000e+00   0.0000e+00   0.0000e+00 1.25e+00  0.00e+00 logn  4     0    300  10     1 1 1
 275   pD3+    oH2   oD3+    pH2   0.0000e+00   0.0000e+00   0.0000e+00 1.25e+00  0.00e+00 logn  4     0    300  10     1 1 1
 276   pD3+    oH2   oD3+    oH2   0.0000e+00   0.0000e+00   0.0000e+00 1.25e+00  0.00e+00 logn  4     0    300  10     1 1 1
 277   pD3+     HD  pD2H+    pD2   6.1063e-10   6.9814e-01   2.0508e+02 1.25e+00  0.00e+00 logn  4     0    300  10     1 1 1
 278   pD3+     HD  pD2H+    oD2   2.3403e-10   4.4629e-02   1.4300e+02 1.25e+00  0.00e+00 logn  4     0    300  10     1 1 1
 279   pD3+     HD  oD2H+    pD2   4.6834e-10   9.4545e-01   1.5105e+02 1.25e+00  0.00e+00 logn  4     0    300  10     1 1 1
 280   pD3+     HD  oD2H+    oD2   0.0000e+00   0.0000e+00   0.0000e+00 1.25e+00  0.00e+00 logn  4     0    300  10     1 1 1
 281   pD3+     HD   pD3+     HD   4.6048e-10  -1.7534e-01   1.7195e+00 1.25e+00  0.00e+00 logn  4     0    300  10     1 1 1
 282   pD3+     HD   mD3+     HD   0.0000e+00   0.0000e+00   0.0000e+00 1.25e+00  0.00e+00 logn  4     0    300  10     1 1 1
 283   pD3+     HD   oD3+     HD   1.0208e-09   1.1750e-01  -1.1216e+00 1.25e+00  0.00e+00 logn  4     0    300  10     1 1 1
 284   pD3+    pD2   pD3+    pD2   2.6236e-10  -1.8355e-01   1.5183e+00 1.25e+00  0.00e+00 logn  4     0    300  10     1 1 1
 285   pD3+    pD2   pD3+    oD2   0.0000e+00   0.0000e+00   0.0000e+00 1.25e+00  0.00e+00 logn  4     0    300  10     1 1 1
 286   pD3+    pD2   mD3+    pD2   0.0000e+00   0.0000e+00   0.0000e+00 1.25e+00  0.00e+00 logn  4     0    300  10     1 1 1
 287   pD3+    pD2   mD3+    oD2   0.0000e+00   0.0000e+00   0.0000e+00 1.25e+00  0.00e+00 logn  4     0    300  10     1 1 1
 288   pD3+    pD2   oD3+    pD2   6.5809e-10   1.5471e-01  -1.8095e+00 1.25e+00  0.00e+00 logn  4     0    300  10     1 1 1
 289   pD3+    pD2   oD3+    oD2   4.6435e-10  -1.3306e-02   7.2429e-01 1.25e+00  0.00e+00 logn  4     0    300  10     1 1 1
 290   pD3+    oD2   pD3+    pD2   0.0000e+00   0.0000e+00   0.0000e+00 1.25e+00  0.00e+00 logn  4     0    300  10     1 1 1
 291   pD3+    oD2   pD3+    oD2   2.4099e-10  -3.5537e-01   2.6083e+00 1.25e+00  0.00e+00 logn  4     0    300  10     1 1 1
 292   pD3+    oD2   mD3+    pD2   1.6178e-10  -4.3896e-01   2.7638e+01 1.25e+00  0.00e+00 logn  4     0    300  10     1 1 1
 293   pD3+    oD2   mD3+    oD2   0.0000e+00   0.0000e+00   0.0000e+00 1.25e+00  0.00e+00 logn  4     0    300  10     1 1 1
 294   pD3+    oD2   oD3+    pD2   6.4011e-10   8.9847e-02   6.7657e+01 1.25e+00  0.00e+00 logn  4     0    300  10     1 1 1
 295   pD3+    oD2   oD3+    oD2   4.5101e-10  -1.3235e-01   4.5417e-01 1.25e+00  0.00e+00 logn  4     0    300  10     1 1 1
 296   mD3+    pH2  pH2D+    pD2   0.0000e+00   0.0000e+00   0.0000e+00 1.25e+00  0.00e+00 logn  4     0    300  10     1 1 1
 297   mD3+    pH2  pH2D+    oD2   2.3327e-10   3.8384e-01   3.2767e+02 1.25e+00  0.00e+00 logn  4     0    300  10     1 1 1
 298   mD3+    pH2  oH2D+    pD2   0.0000e+00   0.0000e+00   0.0000e+00 1.25e+00  0.00e+00 logn  4     0    300  10     1 1 1
 299   mD3+    pH2  oH2D+    oD2   0.0000e+00   0.0000e+00   0.0000e+00 1.25e+00  0.00e+00 logn  4     0    300  10     1 1 1
 300   mD3+    pH2  pD2H+     HD   0.0000e+00   0.0000e+00   0.0000e+00 1.25e+00  0.00e+00 logn  4     0    300  10     1 1 1
 301   mD3+    pH2  oD2H+     HD   1.4975e-09   2.1692e-01   2.3800e+02 1.25e+00  0.00e+00 logn  4     0    300  10     1 1 1
 302   mD3+    pH2   pD3+    pH2   0.0000e+00   0.0000e+00   0.0000e+00 1.25e+00  0.00e+00 logn  4     0    300  10     1 1 1
 303   mD3+    pH2   pD3+    oH2   0.0000e+00   0.0000e+00   0.0000e+00 1.25e+00  0.00e+00 logn  4     0    300  10     1 1 1
 304   mD3+    pH2   mD3+    pH2   1.6741e-09  -5.1483e-03   5.5375e-02 1.25e+00  0.00e+00 logn  4     0    300  10     1 1 1
 305   mD3+    pH2   mD3+    oH2   0.0000e+00   0.0000e+00   0.0000e+00 1.25e+00  0.00e+00 logn  4     0    300  10     1 1 1
 306   mD3+    pH2   oD3+    pH2   0.0000e+00   0.0000e+00   0.0000e+00 1.25e+00  0.00e+00 logn  4     0    300  10     1 1 1
 307   mD3+    pH2   oD3+    oH2   0.0000e+00   0.0000e+00   0.0000e+00 1.25e+00  0.00e+00 logn  4     0    300  10     1 1 1
 308   mD3+    oH2  pH2D+    pD2   0.0000e+00   0.0000e+00   0.0000e+00 1.25e+00  0.00e+00 logn  4     0    300  10     1 1 1
 309   mD3+    oH2  pH2D+    oD2   0.0000e+00   0.0000e+00   0.0000e+00 1.25e+00  0.00e+00 logn  4     0    300  10     1 1 1
 310   mD3+    oH2  oH2D+    pD2   0.0000e+00   0.0000e+00   0.0000e+00 1.25e+00  0.00e+00 logn  4     0    300  10     1 1 1
 311   mD3+    oH2  oH2D+    oD2   2.3070e-10   2.0672e-01   2.5372e+02 1.25e+00  0.00e+00 logn  4     0    300  10     1 1 1
 312   mD3+    oH2  pD2H+     HD   0.0000e+00   0.0000e+00   0.0000e+00 1.25e+00  0.00e+00 logn  4     0    300  10     1 1 1
 313   mD3+    oH2  oD2H+     HD   1.5474e-09   7.9014e-03   6.5353e+01 1.25e+00  0.00e+00 logn  4     0    300  10     1 1 1
 314   mD3+    oH2   pD3+    pH2   0.0000e+00   0.0000e+00   0.0000e+00 1.25e+00  0.00e+00 logn  4     0    300  10     1 1 1
 315   mD3+    oH2   pD3+    oH2   0.0000e+00   0.0000e+00   0.0000e+00 1.25e+00  0.00e+00 logn  4     0    300  10     1 1 1
 316   mD3+    oH2   mD3+    pH2   0.0000e+00   0.0000e+00   0.0000e+00 1.25e+00  0.00e+00 logn  4     0    300  10     1 1 1
 317   mD3+    oH2   mD3+    oH2   8.0616e-10  -3.0905e-01   2.8498e+00 1.25e+00  0.00e+00 logn  4     0    300  10     1 1 1
 318   mD3+    oH2   oD3+    pH2   0.0000e+00   0.0000e+00   0.0000e+00 1.25e+00  0.00e+00 logn  4     0    300  10     1 1 1
 319   mD3+    oH2   oD3+    oH2   0.0000e+00   0.0000e+00   0.0000e+00 1.25e+00  0.00e+00 logn  4     0    300  10     1 1 1
 320   mD3+     HD  pD2H+    pD2   0.0000e+00   0.0000e+00   0.0000e+00 1.25e+00  0.00e+00 logn  4     0    300  10     1 1 1
 321   mD3+     HD  pD2H+    oD2   8.8875e-11  -2.0739e-01   2.1554e+02 1.25e+00  0.00e+00 logn  4     0    300  10     1 1 1
 322   mD3+     HD  oD2H+    pD2   1.6692e-10   5.8723e-01   2.2982e+02 1.25e+00  0.00e+00 logn  4     0    300  10     1 1 1
 323   mD3+     HD  oD2H+    oD2   2.8815e-10   1.6788e-02   1.5591e+02 1.25e+00  0.00e+00 logn  4     0    300  10     1 1 1
 324   mD3+     HD   pD3+     HD   0.0000e+00   0.0000e+00   0.0000e+00 1.25e+00  0.00e+00 logn  4     0    300  10     1 1 1
 325   mD3+     HD   mD3+     HD   9.0909e-10  -1.8817e-01   1.5597e+00 1.25e+00  0.00e+00 logn  4     0    300  10     1 1 1
 326   mD3+     HD   oD3+     HD   5.2299e-10  -6.8204e-02   4.7421e+01 1.25e+00  0.00e+00 logn  4     0    300  10     1 1 1
 327   mD3+    pD2   pD3+    pD2   0.0000e+00   0.0000e+00   0.0000e+00 1.25e+00  0.00e+00 logn  4     0    300  10     1 1 1
 328   mD3+    pD2   pD3+    oD2   3.7372e-11  -3.4262e-01   2.6407e+00 1.25e+00  0.00e+00 logn  4     0    300  10     1 1 1
 329   mD3+    pD2   mD3+    pD2   2.4723e-10  -2.8826e-01   2.3780e+00 1.25e+00  0.00e+00 logn  4     0    300  10     1 1 1
 330   mD3+    pD2   mD3+    oD2   1.6400e-10   5.6600e-02  -1.2364e+00 1.25e+00  0.00e+00 logn  4     0    300  10     1 1 1
 331   mD3+    pD2   oD3+    pD2   1.2921e-10   9.8182e-02   4.4351e+01 1.25e+00  0.00e+00 logn  4     0    300  10     1 1 1
 332   mD3+    pD2   oD3+    oD2   8.8831e-10   1.5445e-01  -9.5384e-01 1.25e+00  0.00e+00 logn  4     0    300  10     1 1 1
 333   mD3+    oD2   pD3+    pD2   0.0000e+00   0.0000e+00   0.0000e+00 1.25e+00  0.00e+00 logn  4     0    300  10     1 1 1
 334   mD3+    oD2   pD3+    oD2   0.0000e+00   0.0000e+00   0.0000e+00 1.25e+00  0.00e+00 logn  4     0    300  10     1 1 1
 335   mD3+    oD2   mD3+    pD2   1.1617e-10  -2.6489e-01   8.6930e+01 1.25e+00  0.00e+00 logn  4     0    300  10     1 1 1
 336   mD3+    oD2   mD3+    oD2   7.0054e-10  -2.5547e-01   2.1275e+00 1.25e+00  0.00e+00 logn  4     0    300  10     1 1 1
 337   mD3+    oD2   oD3+    pD2   1.7739e-10   4.5222e-02   1.2967e+02 1.25e+00  0.00e+00 logn  4     0    300  10     1 1 1
 338   mD3+    oD2   oD3+    oD2   5.0001e-10  -1.3667e-01   4.7581e+01 1.25e+00  0.00e+00 logn  4     0    300  10     1 1 1
 339   oD3+    pH2  pH2D+    pD2   2.9155e-10   1.1162e+00   3.4321e+02 1.25e+00  0.00e+00 logn  4     0    300  10     1 1 1
 340   oD3+    pH2  pH2D+    oD2   4.6386e-11  -5.7940e-01   3.2257e+02 1.25e+00  0.00e+00 logn  4     0    300  10     1 1 1
 341   oD3+    pH2  oH2D+    pD2   0.0000e+00   0.0000e+00   0.0000e+00 1.25e+00  0.00e+00 logn  4     0    300  10     1 1 1
 342   oD3+    pH2  oH2D+    oD2   0.0000e+00   0.0000e+00   0.0000e+00 1.25e+00  0.00e+00 logn  4     0    300  10     1 1 1
 343   oD3+    pH2  pD2H+     HD   1.2953e-09   3.3874e-01   2.2277e+02 1.25e+00  0.00e+00 logn  4     0    300  10     1 1 1
 344   oD3+    pH2  oD2H+     HD   9.4277e-10   3.2647e-01   1.7604e+02 1.25e+00  0.00e+00 logn  4     0    300  10     1 1 1
 345   oD3+    pH2   pD3+    pH2   0.0000e+00   0.0000e+00   0.0000e+00 1.25e+00  0.00e+00 logn  4     0    300  10     1 1 1
 346   oD3+    pH2   pD3+    oH2   0.0000e+00   0.0000e+00   0.0000e+00 1.25e+00  0.00e+00 logn  4     0    300  10     1 1 1
 347   oD3+    pH2   mD3+    pH2   0.0000e+00   0.0000e+00   0.0000e+00 1.25e+00  0.00e+00 logn  4     0    300  10     1 1 1
 348   oD3+    pH2   mD3+    oH2   0.0000e+00   0.0000e+00   0.0000e+00 1.25e+00  0.00e+00 logn  4     0    300  10     1 1 1
 349   oD3+    pH2   oD3+    pH2   1.6395e-09  -1.4703e-02   1.5847e-01 1.25e+00  0.00e+00 logn  4     0    300  10     1 1 1
 350   oD3+    pH2   oD3+    oH2   0.0000e+00   0.0000e+00   0.0000e+00 1.25e+00  0.00e+00 logn  4     0    300  10     1 1 1
 351   oD3+    oH2  pH2D+    pD2   0.0000e+00   0.0000e+00   0.0000e+00 1.25e+00  0.00e+00 logn  4     0    300  10     1 1 1
 352   oD3+    oH2  pH2D+    oD2   0.0000e+00   0.0000e+00   0.0000e+00 1.25e+00  0.00e+00 logn  4     0    300  10     1 1 1
 353   oD3+    oH2  oH2D+    pD2   1.9263e-10   2.5542e-01   2.9250e+02 1.25e+00  0.00e+00 logn  4     0    300  10     1 1 1
 354   oD3+    oH2  oH2D+    oD2   1.3153e-10   3.3267e-01   1.9948e+02 1.25e+00  0.00e+00 logn  4     0    300  10     1 1 1
 355   oD3+    oH2  pD2H+     HD   8.0081e-10  -4.6445e-02   6.6259e+01 1.25e+00  0.00e+00 logn  4     0    300  10     1 1 1
 356   oD3+    oH2  oD2H+     HD   5.1818e-10  -1.8059e-01   1.9080e+01 1.25e+00  0.00e+00 logn  4     0    300  10     1 1 1
 357   oD3+    oH2   pD3+    pH2   0.0000e+00   0.0000e+00   0.0000e+00 1.25e+00  0.00e+00 logn  4     0    300  10     1 1 1
 358   oD3+    oH2   pD3+    oH2   0.0000e+00   0.0000e+00   0.0000e+00 1.25e+00  0.00e+00 logn  4     0    300  10     1 1 1
 359   oD3+    oH2   mD3+    pH2   0.0000e+00   0.0000e+00   0.0000e+00 1.25e+00  0.00e+00 logn  4     0    300  10     1 1 1
 360   oD3+    oH2   mD3+    oH2   0.0000e+00   0.0000e+00   0.0000e+00 1.25e+00  0.00e+00 logn  4     0    300  10     1 1 1
 361   oD3+    oH2   oD3+    pH2   0.0000e+00   0.0000e+00   0.0000e+00 1.25e+00  0.00e+00 logn  4     0    300  10     1 1 1
 362   oD3+    oH2   oD3+    oH2   5.0278e-10  -4.0009e-01   2.2668e+00 1.25e+00  0.00e+00 logn  4     0    300  10     1 1 1
 363   oD3+     HD  pD2H+    pD2   9.6457e-11  -3.9812e-01   2.6467e+02 1.25e+00  0.00e+00 logn  4     0    300  10     1 1 1
 364   oD3+     HD  pD2H+    oD2   1.6618e-10   1.7362e-02   1.5979e+02 1.25e+00  0.00e+00 logn  4     0    300  10     1 1 1
 365   oD3+     HD  oD2H+    pD2   2.5336e-10   5.8906e-01   1.8351e+02 1.25e+00  0.00e+00 logn  4     0    300  10     1 1 1
 366   oD3+     HD  oD2H+    oD2   2.2321e-10   4.1095e-01   9.4919e+01 1.25e+00  0.00e+00 logn  4     0    300  10     1 1 1
 367   oD3+     HD   pD3+     HD   5.5291e-11  -2.4698e-01   1.8881e+01 1.25e+00  0.00e+00 logn  4     0    300  10     1 1 1
 368   oD3+     HD   mD3+     HD   2.3590e-10  -1.6861e-02  -6.7316e-02 1.25e+00  0.00e+00 logn  4     0    300  10     1 1 1
 369   oD3+     HD   oD3+     HD   1.0704e-09  -3.8243e-02   1.9263e-01 1.25e+00  0.00e+00 logn  4     0    300  10     1 1 1
 370   oD3+    pD2   pD3+    pD2   3.3134e-11  -2.3190e-01   1.8225e+01 1.25e+00  0.00e+00 logn  4     0    300  10     1 1 1
 371   oD3+    pD2   pD3+    oD2   4.1667e-11  -2.8662e-02  -1.7788e-03 1.25e+00  0.00e+00 logn  4     0    300  10     1 1 1
 372   oD3+    pD2   mD3+    pD2   3.5949e-11  -8.9317e-02   5.3897e-01 1.25e+00  0.00e+00 logn  4     0    300  10     1 1 1
 373   oD3+    pD2   mD3+    oD2   2.8586e-10   6.9744e-01  -6.0249e+00 1.25e+00  0.00e+00 logn  4     0    300  10     1 1 1
 374   oD3+    pD2   oD3+    pD2   5.5307e-10  -1.4429e-02  -3.3613e-03 1.25e+00  0.00e+00 logn  4     0    300  10     1 1 1
 375   oD3+    pD2   oD3+    oD2   4.9101e-10  -7.9006e-02   6.1171e-01 1.25e+00  0.00e+00 logn  4     0    300  10     1 1 1
 376   oD3+    oD2   pD3+    pD2   1.9667e-11  -1.3428e-01   1.0155e+02 1.25e+00  0.00e+00 logn  4     0    300  10     1 1 1
 377   oD3+    oD2   pD3+    oD2   3.0070e-11  -4.1558e-01   1.9928e+01 1.25e+00  0.00e+00 logn  4     0    300  10     1 1 1
 378   oD3+    oD2   mD3+    pD2   1.4926e-10  -3.7035e-01   4.3421e+01 1.25e+00  0.00e+00 logn  4     0    300  10     1 1 1
 379   oD3+    oD2   mD3+    oD2   1.7165e-10  -2.0436e-01   1.4555e+00 1.25e+00  0.00e+00 logn  4     0    300  10     1 1 1
 380   oD3+    oD2   oD3+    pD2   3.5837e-10   9.9637e-02   8.1745e+01 1.25e+00  0.00e+00 logn  4     0    300  10     1 1 1
 381   oD3+    oD2   oD3+    oD2   6.8865e-10  -1.4542e-01   9.8693e-01 1.25e+00  0.00e+00 logn  4     0    300  10     1 1 1
